Data type: protein sequences
Mode: Kmer
K: 2

>Q07955
0.0,0.0,0.004,0.004,0.004,0.008,0.0,0.004,0.0,0.0,0.0,0.0,0.004,0.0,0.0,0.0,0.0,0.008,0.0,0.004,0.0,0.0,0.0,0.0,0.0,0.0,0.0,0.0,0.0,0.0,0.0,0.0,0.0,0.0,0.004,0.0,0.0,0.0,0.0,0.004,0.008,0.004,0.0,0.0,0.0,0.016,0.004,0.012,0.0,0.008,0.004,0.004,0.004,0.0,0.0,0.0,0.0,0.012,0.0,0.004,0.004,0.0,0.016,0.0,0.012,0.004,0.0,0.0,0.0,0.0,0.0,0.004,0.0,0.0,0.0,0.0,0.004,0.0,0.0,0.0,0.004,0.0,0.0,0.004,0.0,0.0,0.0,0.0,0.0,0.0,0.0,0.0,0.004,0.0,0.004,0.0,0.0,0.008,0.0,0.004,0.008,0.0,0.004,0.004,0.0,0.045,0.0,0.0,0.0,0.004,0.0,0.008,0.016,0.0,0.02,0.008,0.008,0.008,0.0,0.008,0.0,0.0,0.0,0.004,0.0,0.0,0.0,0.0,0.0,0.0,0.004,0.0,0.0,0.0,0.0,0.004,0.0,0.0,0.0,0.0,0.0,0.0,0.004,0.004,0.0,0.0,0.0,0.0,0.0,0.0,0.0,0.0,0.0,0.0,0.016,0.0,0.0,0.0,0.0,0.004,0.0,0.0,0.008,0.004,0.004,0.0,0.0,0.0,0.0,0.004,0.0,0.004,0.0,0.0,0.0,0.0,0.0,0.004,0.0,0.004,0.0,0.0,0.004,0.0,0.0,0.0,0.0,0.0,0.008,0.0,0.0,0.0,0.008,0.0,0.004,0.0,0.0,0.0,0.0,0.0,0.0,0.0,0.0,0.0,0.0,0.0,0.0,0.0,0.0,0.0,0.0,0.0,0.0,0.0,0.004,0.004,0.004,0.0,0.0,0.0,0.0,0.0,0.004,0.0,0.0,0.0,0.0,0.0,0.0,0.004,0.0,0.004,0.0,0.0,0.008,0.004,0.004,0.0,0.0,0.0,0.004,0.0,0.004,0.0,0.004,0.0,0.0,0.0,0.0,0.0,0.0,0.0,0.016,0.0,0.028,0.012,0.0,0.0,0.0,0.0,0.0,0.0,0.004,0.0,0.0,0.0,0.0,0.0,0.0,0.0,0.0,0.0,0.0,0.0,0.0,0.0,0.0,0.0,0.0,0.0,0.0,0.0,0.016,0.004,0.0,0.024,0.004,0.004,0.008,0.004,0.0,0.0,0.0,0.0,0.012,0.069,0.008,0.012,0.0,0.008,0.0,0.0,0.0,0.004,0.0,0.016,0.004,0.0,0.0,0.0,0.0,0.004,0.016,0.0,0.057,0.0,0.0,0.0,0.004,0.008,0.004,0.0,0.0,0.0,0.0,0.008,0.0,0.0,0.008,0.0,0.0,0.0,0.0,0.0,0.0,0.0,0.0,0.0,0.0,0.004,0.0,0.004,0.004,0.012,0.004,0.004,0.0,0.004,0.004,0.0,0.0,0.0,0.0,0.0,0.008,0.004,0.0,0.012,0.0,0.008,0.0,0.0,0.0,0.0,0.0,0.0,0.0,0.0,0.0,0.0,0.0,0.0,0.0,0.004,0.0,0.0,0.0,0.0,0.0,0.0,0.008,0.0,0.008,0.0,0.0,0.016,0.0,0.004,0.004,0.0,0.0,0.0,0.0,0.0,0.008,0.008,0.0,0.004,0.0,0.0

>Q01844
0.008,0.0,0.002,0.0,0.0,0.003,0.0,0.002,0.002,0.0,0.0,0.0,0.008,0.008,0.002,0.003,0.008,0.002,0.002,0.012,0.0,0.0,0.0,0.0,0.0,0.003,0.0,0.0,0.002,0.0,0.0,0.002,0.002,0.0,0.0,0.0,0.0,0.0,0.0,0.0,0.002,0.0,0.002,0.003,0.003,0.003,0.002,0.0,0.003,0.005,0.0,0.003,0.003,0.002,0.011,0.003,0.002,0.002,0.002,0.002,0.0,0.002,0.003,0.0,0.0,0.005,0.002,0.0,0.0,0.0,0.0,0.002,0.0,0.002,0.003,0.002,0.003,0.0,0.002,0.0,0.002,0.0,0.003,0.0,0.002,0.002,0.0,0.0,0.002,0.002,0.0,0.002,0.003,0.002,0.005,0.002,0.0,0.0,0.0,0.0,0.002,0.002,0.008,0.005,0.011,0.06,0.0,0.0,0.005,0.005,0.009,0.006,0.024,0.02,0.021,0.008,0.005,0.003,0.0,0.009,0.0,0.0,0.0,0.0,0.0,0.0,0.0,0.002,0.0,0.0,0.0,0.0,0.002,0.0,0.003,0.0,0.0,0.0,0.0,0.0,0.0,0.0,0.0,0.0,0.0,0.0,0.002,0.0,0.0,0.0,0.0,0.0,0.0,0.0,0.0,0.0,0.0,0.0,0.0,0.003,0.003,0.0,0.002,0.002,0.0,0.003,0.0,0.0,0.002,0.002,0.003,0.0,0.008,0.002,0.002,0.0,0.0,0.002,0.0,0.0,0.003,0.0,0.005,0.0,0.0,0.003,0.0,0.0,0.002,0.0,0.003,0.002,0.003,0.0,0.002,0.0,0.0,0.0,0.0,0.0,0.002,0.0,0.006,0.002,0.002,0.008,0.0,0.002,0.0,0.0,0.0,0.003,0.002,0.002,0.003,0.003,0.0,0.0,0.0,0.0,0.0,0.0,0.002,0.0,0.002,0.0,0.0,0.0,0.005,0.0,0.0,0.0,0.003,0.005,0.003,0.003,0.002,0.002,0.0,0.002,0.005,0.0,0.005,0.002,0.002,0.02,0.0,0.0,0.003,0.003,0.008,0.002,0.026,0.008,0.005,0.009,0.015,0.005,0.0,0.002,0.009,0.005,0.003,0.003,0.0,0.008,0.002,0.0,0.0,0.0,0.002,0.003,0.02,0.014,0.0,0.014,0.006,0.002,0.0,0.002,0.002,0.0,0.002,0.002,0.0,0.046,0.0,0.0,0.002,0.0,0.002,0.0,0.003,0.003,0.005,0.002,0.003,0.0,0.0,0.0,0.006,0.0,0.002,0.0,0.002,0.006,0.0,0.0,0.002,0.003,0.005,0.002,0.0,0.011,0.003,0.015,0.006,0.002,0.0,0.026,0.012,0.0,0.003,0.003,0.0,0.009,0.0,0.0,0.0,0.002,0.0,0.0,0.002,0.009,0.002,0.008,0.011,0.003,0.0,0.006,0.0,0.0,0.002,0.002,0.0,0.0,0.0,0.0,0.002,0.0,0.0,0.0,0.002,0.005,0.0,0.005,0.005,0.002,0.0,0.002,0.0,0.0,0.0,0.0,0.002,0.0,0.0,0.0,0.0,0.0,0.0,0.0,0.0,0.002,0.002,0.0,0.0,0.0,0.0,0.0,0.005,0.0,0.003,0.002,0.0,0.023,0.0,0.0,0.0,0.002,0.0,0.002,0.008,0.0,0.0,0.014,0.005,0.002,0.0,0.0

>Q9UL18
0.002,0.002,0.005,0.001,0.002,0.008,0.001,0.005,0.001,0.005,0.002,0.001,0.006,0.004,0.004,0.004,0.006,0.004,0.0,0.002,0.002,0.0,0.0,0.001,0.002,0.001,0.001,0.002,0.001,0.002,0.0,0.002,0.001,0.0,0.001,0.001,0.002,0.001,0.0,0.0,0.004,0.0,0.002,0.002,0.002,0.004,0.0,0.004,0.004,0.001,0.002,0.002,0.002,0.001,0.004,0.004,0.004,0.005,0.0,0.001,0.002,0.001,0.001,0.002,0.004,0.005,0.001,0.005,0.001,0.004,0.0,0.0,0.001,0.002,0.002,0.002,0.0,0.013,0.0,0.001,0.002,0.002,0.001,0.004,0.001,0.004,0.001,0.0,0.005,0.001,0.001,0.0,0.001,0.002,0.002,0.001,0.004,0.0,0.0,0.006,0.005,0.0,0.004,0.002,0.001,0.005,0.0,0.007,0.008,0.002,0.002,0.002,0.001,0.009,0.006,0.002,0.004,0.002,0.0,0.001,0.001,0.001,0.001,0.001,0.001,0.0,0.001,0.001,0.0,0.005,0.0,0.0,0.005,0.005,0.0,0.0,0.004,0.0,0.0,0.004,0.002,0.0,0.004,0.004,0.005,0.004,0.0,0.004,0.011,0.006,0.0,0.002,0.006,0.005,0.002,0.004,0.004,0.005,0.0,0.001,0.004,0.001,0.005,0.002,0.0,0.001,0.001,0.004,0.004,0.005,0.001,0.007,0.008,0.004,0.004,0.002,0.002,0.005,0.001,0.005,0.006,0.004,0.004,0.005,0.001,0.005,0.002,0.002,0.006,0.005,0.001,0.001,0.008,0.008,0.002,0.002,0.004,0.005,0.001,0.0,0.001,0.001,0.001,0.001,0.001,0.0,0.0,0.001,0.002,0.002,0.001,0.0,0.001,0.0,0.004,0.0,0.001,0.002,0.001,0.001,0.001,0.0,0.0,0.002,0.001,0.002,0.0,0.008,0.0,0.004,0.0,0.001,0.0,0.002,0.004,0.0,0.001,0.004,0.0,0.001,0.008,0.002,0.002,0.002,0.001,0.005,0.002,0.005,0.002,0.007,0.001,0.001,0.004,0.006,0.004,0.005,0.001,0.007,0.0,0.001,0.004,0.002,0.001,0.005,0.002,0.005,0.001,0.005,0.005,0.007,0.001,0.0,0.006,0.002,0.005,0.002,0.005,0.005,0.0,0.002,0.002,0.002,0.004,0.005,0.004,0.001,0.004,0.004,0.004,0.004,0.001,0.002,0.006,0.002,0.004,0.005,0.001,0.008,0.0,0.004,0.004,0.0,0.0,0.0,0.001,0.008,0.005,0.004,0.001,0.0,0.002,0.002,0.002,0.001,0.004,0.0,0.002,0.005,0.001,0.002,0.006,0.0,0.004,0.001,0.001,0.001,0.004,0.001,0.001,0.004,0.002,0.001,0.004,0.001,0.006,0.004,0.001,0.007,0.0,0.006,0.005,0.002,0.006,0.005,0.002,0.006,0.001,0.004,0.006,0.005,0.0,0.001,0.004,0.007,0.006,0.006,0.007,0.005,0.004,0.004,0.001,0.0,0.002,0.0,0.001,0.0,0.0,0.0,0.001,0.001,0.0,0.0,0.0,0.0,0.001,0.0,0.0,0.0,0.0,0.0,0.004,0.001,0.001,0.002,0.004,0.001,0.004,0.002,0.002,0.004,0.002,0.004,0.001,0.002,0.002,0.001,0.002,0.002,0.0,0.004

>Q9UKV8
0.002,0.002,0.002,0.002,0.003,0.008,0.002,0.003,0.001,0.006,0.002,0.001,0.006,0.003,0.002,0.003,0.006,0.002,0.0,0.001,0.001,0.0,0.0,0.001,0.002,0.001,0.001,0.002,0.001,0.002,0.0,0.002,0.001,0.0,0.0,0.002,0.005,0.002,0.0,0.0,0.003,0.0,0.001,0.002,0.003,0.003,0.001,0.003,0.003,0.001,0.001,0.002,0.001,0.0,0.005,0.003,0.003,0.005,0.0,0.001,0.001,0.001,0.0,0.002,0.003,0.005,0.002,0.007,0.002,0.006,0.002,0.0,0.001,0.003,0.001,0.001,0.001,0.007,0.0,0.0,0.002,0.002,0.002,0.002,0.002,0.005,0.002,0.001,0.007,0.001,0.0,0.001,0.001,0.002,0.002,0.001,0.003,0.001,0.0,0.005,0.003,0.001,0.003,0.001,0.001,0.005,0.0,0.005,0.005,0.002,0.002,0.001,0.001,0.008,0.012,0.002,0.003,0.003,0.0,0.001,0.001,0.001,0.002,0.001,0.001,0.0,0.002,0.0,0.001,0.007,0.001,0.0,0.003,0.005,0.001,0.0,0.006,0.001,0.0,0.002,0.003,0.0,0.002,0.003,0.005,0.001,0.0,0.002,0.008,0.005,0.001,0.001,0.003,0.007,0.002,0.002,0.003,0.003,0.0,0.001,0.003,0.001,0.005,0.002,0.001,0.001,0.001,0.005,0.002,0.007,0.001,0.005,0.007,0.001,0.003,0.005,0.002,0.005,0.001,0.002,0.005,0.003,0.003,0.003,0.001,0.005,0.002,0.001,0.005,0.003,0.001,0.001,0.009,0.008,0.003,0.002,0.003,0.005,0.002,0.002,0.001,0.0,0.002,0.0,0.001,0.0,0.0,0.001,0.002,0.001,0.001,0.0,0.002,0.0,0.005,0.0,0.001,0.003,0.0,0.002,0.0,0.0,0.0,0.001,0.001,0.001,0.0,0.005,0.002,0.002,0.0,0.001,0.001,0.001,0.003,0.0,0.002,0.003,0.0,0.0,0.008,0.002,0.002,0.001,0.001,0.003,0.001,0.003,0.001,0.006,0.001,0.001,0.01,0.003,0.002,0.007,0.002,0.008,0.0,0.001,0.005,0.002,0.002,0.005,0.003,0.007,0.002,0.002,0.003,0.003,0.002,0.0,0.006,0.006,0.005,0.002,0.005,0.003,0.0,0.001,0.002,0.002,0.005,0.006,0.002,0.0,0.005,0.002,0.005,0.002,0.0,0.002,0.006,0.003,0.002,0.005,0.003,0.008,0.0,0.005,0.005,0.001,0.001,0.002,0.003,0.007,0.005,0.006,0.001,0.002,0.002,0.003,0.0,0.001,0.002,0.001,0.002,0.005,0.0,0.0,0.005,0.0,0.006,0.003,0.002,0.002,0.003,0.002,0.002,0.003,0.002,0.0,0.005,0.002,0.006,0.005,0.002,0.006,0.0,0.005,0.003,0.003,0.002,0.006,0.002,0.006,0.002,0.003,0.005,0.007,0.001,0.002,0.001,0.008,0.006,0.007,0.005,0.006,0.003,0.001,0.001,0.0,0.002,0.0,0.001,0.0,0.0,0.0,0.001,0.0,0.0,0.0,0.0,0.0,0.0,0.0,0.0,0.001,0.0,0.0,0.006,0.001,0.0,0.001,0.002,0.001,0.003,0.0,0.002,0.002,0.0,0.0,0.001,0.002,0.002,0.001,0.002,0.002,0.0,0.001

>Q9H9G7
0.001,0.002,0.005,0.002,0.002,0.008,0.003,0.002,0.001,0.001,0.001,0.003,0.005,0.005,0.002,0.002,0.008,0.003,0.0,0.001,0.002,0.0,0.0,0.001,0.005,0.001,0.001,0.002,0.001,0.002,0.0,0.002,0.001,0.0,0.001,0.001,0.001,0.001,0.0,0.0,0.002,0.0,0.001,0.003,0.001,0.003,0.001,0.003,0.003,0.002,0.001,0.002,0.002,0.001,0.005,0.005,0.003,0.006,0.0,0.001,0.001,0.0,0.0,0.002,0.002,0.005,0.001,0.008,0.002,0.005,0.001,0.001,0.002,0.002,0.002,0.0,0.001,0.009,0.0,0.0,0.002,0.002,0.001,0.0,0.001,0.002,0.002,0.0,0.005,0.001,0.001,0.0,0.001,0.003,0.005,0.001,0.003,0.002,0.0,0.005,0.003,0.0,0.003,0.001,0.002,0.006,0.0,0.003,0.007,0.002,0.002,0.001,0.001,0.007,0.008,0.003,0.005,0.005,0.0,0.002,0.002,0.001,0.001,0.001,0.001,0.001,0.001,0.0,0.0,0.007,0.0,0.001,0.005,0.005,0.001,0.0,0.005,0.003,0.0,0.001,0.002,0.0,0.003,0.0,0.003,0.001,0.002,0.003,0.009,0.003,0.0,0.002,0.003,0.006,0.001,0.005,0.002,0.003,0.0,0.0,0.003,0.001,0.003,0.002,0.002,0.002,0.001,0.003,0.002,0.003,0.002,0.002,0.006,0.001,0.003,0.001,0.002,0.005,0.0,0.006,0.005,0.003,0.003,0.005,0.001,0.005,0.001,0.002,0.006,0.008,0.001,0.001,0.009,0.007,0.003,0.001,0.005,0.005,0.001,0.003,0.002,0.001,0.001,0.001,0.001,0.001,0.0,0.001,0.001,0.002,0.001,0.0,0.001,0.0,0.002,0.0,0.0,0.003,0.002,0.001,0.0,0.002,0.0,0.0,0.0,0.002,0.0,0.006,0.0,0.001,0.0,0.001,0.002,0.001,0.002,0.0,0.001,0.003,0.0,0.001,0.009,0.002,0.002,0.002,0.002,0.005,0.002,0.003,0.001,0.008,0.002,0.0,0.001,0.002,0.005,0.007,0.001,0.008,0.0,0.001,0.001,0.002,0.002,0.005,0.006,0.003,0.001,0.001,0.002,0.007,0.0,0.0,0.007,0.001,0.005,0.002,0.005,0.005,0.0,0.002,0.001,0.002,0.003,0.007,0.001,0.001,0.003,0.001,0.002,0.002,0.0,0.001,0.01,0.005,0.006,0.007,0.006,0.009,0.0,0.002,0.007,0.0,0.0,0.001,0.001,0.003,0.007,0.003,0.001,0.002,0.005,0.002,0.001,0.0,0.005,0.0,0.003,0.005,0.001,0.0,0.005,0.0,0.006,0.001,0.001,0.005,0.003,0.001,0.001,0.007,0.005,0.001,0.003,0.002,0.006,0.003,0.002,0.006,0.0,0.006,0.006,0.002,0.007,0.006,0.001,0.006,0.001,0.005,0.005,0.007,0.0,0.001,0.002,0.007,0.007,0.008,0.007,0.005,0.002,0.003,0.001,0.0,0.002,0.0,0.001,0.0,0.001,0.0,0.001,0.0,0.0,0.0,0.0,0.0,0.0,0.0,0.0,0.0,0.0,0.0,0.003,0.001,0.002,0.005,0.002,0.002,0.002,0.001,0.002,0.003,0.0,0.0,0.001,0.002,0.002,0.001,0.003,0.001,0.0,0.002

>Q9HCK5
0.001,0.002,0.005,0.002,0.002,0.008,0.001,0.001,0.002,0.005,0.002,0.001,0.005,0.003,0.003,0.002,0.006,0.003,0.001,0.001,0.002,0.0,0.0,0.001,0.003,0.001,0.001,0.002,0.001,0.002,0.0,0.002,0.0,0.0,0.001,0.001,0.002,0.001,0.0,0.0,0.001,0.0,0.002,0.001,0.001,0.003,0.001,0.002,0.002,0.002,0.002,0.002,0.002,0.002,0.003,0.006,0.003,0.006,0.0,0.001,0.002,0.001,0.002,0.002,0.003,0.005,0.0,0.005,0.001,0.006,0.001,0.001,0.001,0.002,0.001,0.0,0.0,0.01,0.0,0.0,0.002,0.002,0.001,0.0,0.001,0.003,0.001,0.0,0.006,0.001,0.001,0.0,0.001,0.003,0.001,0.001,0.003,0.0,0.0,0.005,0.002,0.0,0.003,0.001,0.001,0.007,0.002,0.006,0.008,0.003,0.002,0.001,0.003,0.008,0.007,0.002,0.003,0.002,0.0,0.002,0.001,0.001,0.002,0.0,0.002,0.0,0.002,0.0,0.0,0.006,0.0,0.001,0.006,0.003,0.0,0.0,0.005,0.001,0.0,0.002,0.002,0.0,0.002,0.002,0.002,0.001,0.001,0.002,0.005,0.001,0.0,0.003,0.002,0.006,0.003,0.005,0.003,0.005,0.0,0.001,0.003,0.0,0.003,0.002,0.001,0.0,0.002,0.003,0.002,0.002,0.002,0.001,0.006,0.005,0.006,0.005,0.005,0.003,0.0,0.005,0.003,0.003,0.002,0.005,0.002,0.007,0.0,0.003,0.007,0.009,0.0,0.002,0.008,0.008,0.001,0.001,0.006,0.005,0.001,0.001,0.001,0.001,0.001,0.003,0.001,0.0,0.0,0.001,0.002,0.002,0.001,0.0,0.001,0.001,0.002,0.0,0.002,0.003,0.001,0.002,0.001,0.001,0.0,0.003,0.0,0.002,0.001,0.003,0.001,0.001,0.003,0.001,0.0,0.002,0.001,0.001,0.0,0.005,0.0,0.0,0.009,0.002,0.003,0.003,0.0,0.007,0.002,0.005,0.001,0.006,0.002,0.001,0.005,0.003,0.002,0.007,0.001,0.003,0.0,0.001,0.003,0.002,0.001,0.006,0.002,0.005,0.001,0.003,0.005,0.008,0.002,0.001,0.006,0.001,0.003,0.002,0.007,0.006,0.001,0.002,0.002,0.002,0.002,0.005,0.001,0.003,0.003,0.001,0.003,0.005,0.0,0.002,0.008,0.003,0.003,0.003,0.0,0.009,0.0,0.003,0.003,0.0,0.0,0.002,0.002,0.002,0.005,0.002,0.001,0.005,0.003,0.003,0.002,0.003,0.005,0.0,0.003,0.008,0.0,0.0,0.005,0.0,0.003,0.002,0.002,0.001,0.003,0.001,0.002,0.003,0.003,0.001,0.003,0.002,0.007,0.005,0.001,0.006,0.0,0.006,0.007,0.002,0.006,0.002,0.001,0.009,0.001,0.005,0.006,0.005,0.0,0.001,0.003,0.008,0.006,0.008,0.005,0.008,0.003,0.002,0.001,0.0,0.002,0.0,0.001,0.0,0.0,0.0,0.0,0.0,0.0,0.001,0.001,0.0,0.0,0.0,0.0,0.001,0.0,0.0,0.005,0.001,0.002,0.0,0.002,0.001,0.003,0.001,0.001,0.003,0.0,0.0,0.001,0.002,0.005,0.002,0.002,0.002,0.0,0.003

>Q15717
0.006,0.0,0.003,0.009,0.003,0.003,0.0,0.009,0.006,0.003,0.003,0.006,0.0,0.003,0.006,0.006,0.0,0.003,0.0,0.0,0.0,0.0,0.0,0.0,0.0,0.0,0.0,0.003,0.003,0.0,0.0,0.0,0.0,0.0,0.003,0.0,0.0,0.0,0.0,0.0,0.009,0.003,0.0,0.006,0.003,0.0,0.006,0.003,0.009,0.0,0.003,0.0,0.0,0.003,0.0,0.0,0.0,0.003,0.0,0.0,0.009,0.0,0.009,0.006,0.0,0.003,0.0,0.0,0.0,0.003,0.0,0.0,0.003,0.0,0.003,0.003,0.0,0.006,0.0,0.0,0.003,0.0,0.003,0.0,0.0,0.015,0.0,0.006,0.003,0.0,0.0,0.006,0.0,0.0,0.003,0.009,0.0,0.006,0.0,0.0,0.003,0.0,0.006,0.003,0.009,0.003,0.006,0.003,0.0,0.012,0.0,0.003,0.006,0.003,0.006,0.003,0.0,0.009,0.003,0.009,0.0,0.0,0.0,0.0,0.0,0.0,0.003,0.0,0.006,0.0,0.006,0.0,0.0,0.003,0.0,0.006,0.0,0.0,0.0,0.0,0.003,0.0,0.0,0.0,0.003,0.006,0.0,0.003,0.006,0.006,0.0,0.006,0.0,0.0,0.009,0.003,0.006,0.003,0.0,0.003,0.0,0.003,0.009,0.0,0.003,0.003,0.0,0.003,0.0,0.003,0.0,0.003,0.003,0.0,0.003,0.003,0.006,0.009,0.0,0.0,0.0,0.0,0.0,0.0,0.003,0.009,0.0,0.006,0.0,0.003,0.0,0.006,0.006,0.006,0.006,0.009,0.0,0.003,0.003,0.006,0.006,0.0,0.0,0.0,0.006,0.003,0.0,0.0,0.0,0.0,0.0,0.0,0.0,0.0,0.0,0.006,0.009,0.0,0.0,0.0,0.003,0.0,0.0,0.0,0.0,0.012,0.0,0.0,0.009,0.009,0.003,0.0,0.003,0.003,0.0,0.003,0.006,0.009,0.0,0.009,0.003,0.0,0.0,0.0,0.003,0.006,0.0,0.003,0.0,0.0,0.003,0.003,0.003,0.003,0.003,0.003,0.0,0.003,0.0,0.0,0.003,0.0,0.006,0.0,0.0,0.0,0.0,0.0,0.003,0.003,0.003,0.006,0.0,0.0,0.003,0.003,0.003,0.003,0.0,0.0,0.003,0.0,0.006,0.0,0.015,0.006,0.0,0.003,0.0,0.006,0.0,0.0,0.003,0.0,0.003,0.006,0.006,0.003,0.0,0.0,0.003,0.0,0.0,0.009,0.006,0.012,0.003,0.003,0.003,0.009,0.0,0.003,0.006,0.003,0.009,0.012,0.0,0.0,0.0,0.003,0.003,0.0,0.0,0.0,0.0,0.003,0.0,0.003,0.0,0.003,0.006,0.015,0.0,0.006,0.0,0.003,0.003,0.003,0.0,0.0,0.009,0.0,0.006,0.006,0.0,0.0,0.003,0.006,0.006,0.003,0.0,0.009,0.003,0.0,0.0,0.006,0.009,0.0,0.0,0.0,0.0,0.003,0.0,0.0,0.0,0.0,0.0,0.0,0.0,0.0,0.0,0.0,0.0,0.003,0.0,0.0,0.0,0.0,0.0,0.0,0.003,0.0,0.0,0.006,0.0,0.003,0.003,0.003,0.0,0.003,0.0,0.003,0.0,0.0,0.003,0.0,0.0,0.003,0.0,0.0

>B7ZL34
0.03,0.0,0.002,0.007,0.003,0.007,0.0,0.002,0.002,0.012,0.001,0.005,0.006,0.005,0.001,0.009,0.005,0.001,0.001,0.002,0.0,0.001,0.0,0.0,0.0,0.0,0.0,0.001,0.001,0.0,0.0,0.0,0.0,0.001,0.002,0.0,0.001,0.003,0.0,0.0,0.004,0.001,0.005,0.002,0.003,0.004,0.0,0.001,0.002,0.003,0.001,0.0,0.001,0.009,0.0,0.004,0.0,0.001,0.0,0.002,0.001,0.001,0.003,0.003,0.003,0.001,0.002,0.002,0.003,0.003,0.001,0.0,0.002,0.003,0.004,0.005,0.003,0.003,0.001,0.001,0.001,0.0,0.002,0.002,0.001,0.006,0.001,0.002,0.001,0.001,0.0,0.002,0.002,0.003,0.003,0.005,0.0,0.002,0.001,0.001,0.008,0.002,0.003,0.001,0.003,0.004,0.003,0.001,0.003,0.011,0.004,0.007,0.009,0.009,0.004,0.01,0.004,0.004,0.0,0.001,0.001,0.001,0.001,0.0,0.0,0.004,0.001,0.004,0.002,0.0,0.0,0.0,0.001,0.001,0.0,0.002,0.001,0.004,0.0,0.0,0.001,0.0,0.003,0.001,0.001,0.004,0.0,0.003,0.0,0.005,0.003,0.001,0.0,0.005,0.003,0.004,0.001,0.002,0.0,0.0,0.002,0.003,0.004,0.001,0.003,0.005,0.001,0.004,0.001,0.004,0.001,0.001,0.001,0.001,0.0,0.001,0.0,0.001,0.0,0.003,0.014,0.0,0.004,0.009,0.007,0.008,0.001,0.003,0.003,0.003,0.002,0.0,0.005,0.006,0.004,0.005,0.006,0.003,0.0,0.001,0.002,0.0,0.002,0.001,0.0,0.001,0.001,0.001,0.001,0.001,0.001,0.001,0.002,0.0,0.0,0.001,0.001,0.004,0.0,0.001,0.002,0.0,0.001,0.001,0.001,0.006,0.002,0.0,0.001,0.004,0.0,0.002,0.005,0.002,0.004,0.006,0.002,0.001,0.0,0.003,0.006,0.0,0.002,0.003,0.001,0.009,0.003,0.004,0.0,0.004,0.001,0.007,0.005,0.003,0.001,0.004,0.006,0.002,0.001,0.003,0.008,0.0,0.002,0.0,0.002,0.005,0.004,0.0,0.008,0.006,0.002,0.004,0.007,0.021,0.005,0.004,0.002,0.005,0.0,0.004,0.004,0.0,0.003,0.001,0.003,0.004,0.0,0.002,0.003,0.004,0.0,0.001,0.004,0.002,0.001,0.005,0.003,0.002,0.0,0.002,0.007,0.0,0.002,0.005,0.001,0.008,0.002,0.001,0.002,0.01,0.002,0.003,0.005,0.008,0.007,0.017,0.006,0.0,0.0,0.0,0.008,0.0,0.003,0.002,0.0,0.004,0.002,0.0,0.002,0.004,0.001,0.006,0.004,0.002,0.002,0.002,0.001,0.002,0.0,0.001,0.0,0.001,0.0,0.005,0.004,0.003,0.0,0.004,0.002,0.009,0.0,0.001,0.004,0.006,0.001,0.002,0.001,0.006,0.0,0.001,0.0,0.0,0.0,0.001,0.0,0.002,0.0,0.0,0.0,0.0,0.0,0.0,0.0,0.0,0.001,0.0,0.0,0.0,0.0,0.0,0.002,0.0,0.001,0.0,0.0,0.006,0.0,0.002,0.0,0.001,0.0,0.002,0.002,0.002,0.001,0.0,0.003,0.004,0.0,0.003

>Q9NZI8
0.012,0.002,0.003,0.007,0.002,0.005,0.002,0.01,0.003,0.002,0.003,0.0,0.007,0.014,0.002,0.009,0.002,0.007,0.0,0.002,0.0,0.002,0.0,0.002,0.0,0.0,0.0,0.0,0.002,0.0,0.0,0.0,0.002,0.0,0.002,0.002,0.0,0.0,0.0,0.0,0.0,0.002,0.0,0.007,0.0,0.0,0.0,0.003,0.0,0.003,0.0,0.0,0.0,0.003,0.0,0.003,0.003,0.003,0.0,0.0,0.005,0.0,0.0,0.003,0.0,0.005,0.005,0.005,0.003,0.003,0.002,0.014,0.0,0.01,0.002,0.003,0.009,0.007,0.0,0.0,0.003,0.0,0.0,0.0,0.002,0.003,0.0,0.002,0.002,0.002,0.002,0.0,0.002,0.0,0.0,0.002,0.0,0.003,0.0,0.002,0.012,0.002,0.0,0.0,0.002,0.003,0.003,0.0,0.014,0.003,0.0,0.002,0.005,0.007,0.009,0.003,0.002,0.0,0.0,0.002,0.002,0.0,0.0,0.0,0.002,0.0,0.0,0.003,0.003,0.002,0.0,0.002,0.0,0.003,0.002,0.003,0.0,0.0,0.002,0.0,0.003,0.0,0.002,0.005,0.0,0.01,0.0,0.007,0.003,0.005,0.005,0.0,0.009,0.002,0.007,0.005,0.007,0.002,0.0,0.002,0.005,0.0,0.002,0.01,0.0,0.007,0.0,0.014,0.007,0.007,0.002,0.0,0.0,0.009,0.002,0.002,0.003,0.01,0.0,0.0,0.007,0.0,0.002,0.009,0.002,0.0,0.0,0.003,0.007,0.003,0.0,0.005,0.0,0.007,0.003,0.002,0.003,0.003,0.0,0.003,0.002,0.0,0.0,0.0,0.0,0.0,0.002,0.002,0.005,0.0,0.0,0.002,0.0,0.002,0.0,0.002,0.0,0.003,0.0,0.0,0.002,0.003,0.003,0.003,0.003,0.003,0.002,0.003,0.002,0.007,0.0,0.002,0.002,0.002,0.002,0.0,0.002,0.002,0.0,0.0,0.009,0.0,0.007,0.01,0.0,0.002,0.0,0.0,0.003,0.003,0.0,0.0,0.01,0.002,0.003,0.002,0.002,0.002,0.0,0.002,0.009,0.0,0.003,0.003,0.003,0.007,0.003,0.003,0.002,0.005,0.002,0.002,0.002,0.005,0.003,0.005,0.005,0.009,0.0,0.003,0.002,0.0,0.003,0.003,0.002,0.003,0.0,0.002,0.007,0.005,0.002,0.005,0.0,0.003,0.003,0.002,0.002,0.003,0.002,0.0,0.007,0.0,0.0,0.002,0.002,0.005,0.002,0.002,0.003,0.005,0.0,0.003,0.002,0.002,0.005,0.01,0.002,0.007,0.0,0.003,0.005,0.0,0.0,0.003,0.002,0.003,0.002,0.005,0.005,0.002,0.0,0.0,0.007,0.003,0.002,0.0,0.0,0.005,0.0,0.002,0.003,0.0,0.003,0.005,0.003,0.007,0.003,0.005,0.009,0.002,0.0,0.005,0.01,0.002,0.003,0.002,0.005,0.005,0.0,0.0,0.002,0.0,0.0,0.002,0.0,0.0,0.0,0.0,0.0,0.0,0.0,0.0,0.0,0.0,0.0,0.0,0.0,0.0,0.0,0.0,0.003,0.0,0.0,0.002,0.0,0.003,0.0,0.003,0.0,0.0,0.0,0.002,0.0,0.0,0.0,0.005,0.0,0.002,0.0,0.0

>P26599
0.028,0.002,0.004,0.0,0.004,0.011,0.0,0.004,0.002,0.013,0.004,0.004,0.002,0.006,0.002,0.004,0.002,0.008,0.0,0.0,0.0,0.002,0.0,0.0,0.0,0.0,0.0,0.0,0.0,0.0,0.0,0.0,0.0,0.0,0.0,0.0,0.002,0.002,0.0,0.0,0.002,0.0,0.0,0.002,0.002,0.006,0.0,0.002,0.002,0.008,0.0,0.0,0.002,0.004,0.002,0.008,0.0,0.006,0.0,0.004,0.004,0.0,0.004,0.006,0.0,0.004,0.0,0.0,0.0,0.004,0.002,0.006,0.0,0.0,0.002,0.0,0.0,0.002,0.0,0.0,0.0,0.0,0.0,0.0,0.002,0.008,0.0,0.006,0.006,0.0,0.0,0.002,0.002,0.006,0.0,0.011,0.002,0.0,0.0,0.002,0.004,0.0,0.006,0.004,0.002,0.002,0.002,0.002,0.006,0.008,0.002,0.009,0.002,0.008,0.002,0.006,0.004,0.006,0.0,0.0,0.002,0.0,0.002,0.0,0.0,0.004,0.002,0.002,0.004,0.006,0.0,0.002,0.0,0.004,0.002,0.0,0.0,0.0,0.0,0.0,0.004,0.0,0.006,0.002,0.004,0.0,0.002,0.004,0.0,0.004,0.002,0.0,0.006,0.004,0.004,0.002,0.004,0.004,0.0,0.004,0.0,0.0,0.004,0.004,0.006,0.006,0.002,0.004,0.006,0.008,0.002,0.006,0.004,0.0,0.002,0.004,0.002,0.004,0.0,0.002,0.011,0.0,0.006,0.0,0.011,0.004,0.009,0.004,0.008,0.006,0.002,0.006,0.008,0.004,0.008,0.008,0.004,0.004,0.0,0.0,0.009,0.0,0.002,0.0,0.0,0.002,0.0,0.0,0.0,0.002,0.0,0.002,0.0,0.0,0.0,0.004,0.0,0.002,0.0,0.0,0.004,0.0,0.004,0.0,0.002,0.008,0.006,0.006,0.002,0.008,0.0,0.004,0.002,0.008,0.0,0.008,0.004,0.006,0.0,0.002,0.0,0.0,0.004,0.002,0.004,0.004,0.0,0.006,0.0,0.004,0.0,0.004,0.004,0.002,0.002,0.011,0.0,0.008,0.0,0.0,0.013,0.0,0.0,0.002,0.004,0.002,0.002,0.002,0.002,0.004,0.004,0.006,0.004,0.0,0.002,0.006,0.002,0.0,0.0,0.002,0.002,0.0,0.002,0.002,0.002,0.004,0.0,0.008,0.004,0.0,0.0,0.0,0.002,0.0,0.0,0.002,0.0,0.008,0.0,0.0,0.013,0.0,0.002,0.002,0.002,0.004,0.002,0.0,0.011,0.009,0.0,0.009,0.006,0.002,0.006,0.006,0.004,0.011,0.0,0.0,0.0,0.002,0.002,0.004,0.002,0.0,0.0,0.002,0.006,0.008,0.004,0.004,0.004,0.0,0.002,0.004,0.0,0.002,0.0,0.0,0.0,0.0,0.002,0.004,0.0,0.002,0.002,0.004,0.006,0.011,0.0,0.004,0.006,0.009,0.0,0.008,0.011,0.002,0.0,0.002,0.0,0.0,0.0,0.0,0.0,0.0,0.0,0.0,0.0,0.0,0.0,0.0,0.0,0.0,0.0,0.0,0.0,0.0,0.0,0.0,0.002,0.0,0.0,0.0,0.0,0.004,0.0,0.002,0.0,0.0,0.0,0.004,0.002,0.0,0.0,0.0,0.004,0.0,0.0,0.002

>O00425
0.009,0.003,0.0,0.007,0.002,0.005,0.005,0.005,0.005,0.01,0.002,0.0,0.005,0.009,0.002,0.003,0.002,0.002,0.0,0.002,0.002,0.0,0.002,0.002,0.0,0.0,0.0,0.0,0.002,0.0,0.0,0.0,0.002,0.002,0.0,0.0,0.0,0.0,0.0,0.0,0.003,0.002,0.0,0.005,0.0,0.0,0.0,0.003,0.002,0.003,0.0,0.0,0.0,0.005,0.0,0.003,0.003,0.002,0.0,0.0,0.009,0.0,0.0,0.009,0.0,0.005,0.002,0.007,0.002,0.005,0.002,0.01,0.0,0.005,0.002,0.007,0.007,0.007,0.0,0.0,0.003,0.0,0.0,0.002,0.0,0.0,0.0,0.002,0.003,0.002,0.0,0.0,0.002,0.002,0.0,0.0,0.003,0.007,0.0,0.002,0.009,0.0,0.0,0.0,0.002,0.002,0.002,0.0,0.014,0.005,0.002,0.003,0.007,0.003,0.009,0.005,0.002,0.002,0.0,0.002,0.0,0.0,0.0,0.0,0.002,0.002,0.0,0.003,0.002,0.005,0.0,0.002,0.0,0.002,0.002,0.002,0.0,0.0,0.0,0.0,0.003,0.0,0.002,0.007,0.002,0.009,0.0,0.005,0.007,0.007,0.003,0.0,0.01,0.002,0.009,0.002,0.01,0.0,0.0,0.002,0.007,0.0,0.003,0.01,0.002,0.003,0.0,0.019,0.003,0.007,0.0,0.0,0.003,0.009,0.002,0.003,0.003,0.003,0.0,0.0,0.002,0.0,0.003,0.007,0.003,0.003,0.002,0.003,0.007,0.003,0.0,0.005,0.002,0.012,0.002,0.01,0.003,0.005,0.0,0.003,0.002,0.0,0.0,0.0,0.0,0.0,0.002,0.0,0.002,0.0,0.0,0.003,0.002,0.0,0.0,0.0,0.002,0.002,0.0,0.0,0.005,0.0,0.003,0.002,0.005,0.002,0.0,0.003,0.002,0.009,0.0,0.002,0.003,0.0,0.0,0.0,0.002,0.003,0.0,0.0,0.003,0.002,0.007,0.005,0.002,0.003,0.002,0.002,0.003,0.007,0.0,0.0,0.014,0.003,0.003,0.005,0.005,0.002,0.0,0.002,0.005,0.0,0.003,0.003,0.005,0.005,0.003,0.002,0.003,0.003,0.0,0.003,0.002,0.007,0.005,0.007,0.003,0.007,0.002,0.002,0.0,0.0,0.002,0.002,0.002,0.005,0.0,0.003,0.007,0.003,0.002,0.005,0.0,0.005,0.003,0.0,0.002,0.003,0.0,0.0,0.005,0.002,0.002,0.005,0.002,0.009,0.0,0.007,0.005,0.002,0.002,0.0,0.005,0.0,0.005,0.005,0.002,0.005,0.002,0.002,0.002,0.002,0.003,0.003,0.0,0.005,0.0,0.007,0.003,0.003,0.0,0.0,0.005,0.005,0.0,0.005,0.0,0.005,0.0,0.002,0.003,0.0,0.002,0.005,0.0,0.005,0.003,0.003,0.009,0.002,0.0,0.005,0.007,0.002,0.002,0.005,0.002,0.01,0.0,0.0,0.002,0.0,0.0,0.002,0.0,0.0,0.0,0.0,0.0,0.0,0.0,0.0,0.0,0.0,0.0,0.0,0.0,0.0,0.0,0.0,0.003,0.0,0.0,0.002,0.0,0.003,0.0,0.003,0.0,0.0,0.0,0.002,0.002,0.0,0.0,0.002,0.0,0.0,0.0,0.0

>P35637
0.002,0.0,0.004,0.0,0.0,0.002,0.0,0.002,0.002,0.0,0.0,0.0,0.004,0.0,0.0,0.002,0.006,0.0,0.0,0.002,0.0,0.0,0.0,0.002,0.0,0.0,0.0,0.0,0.002,0.0,0.0,0.002,0.002,0.0,0.0,0.0,0.0,0.0,0.0,0.0,0.0,0.0,0.004,0.0,0.002,0.004,0.0,0.0,0.0,0.0,0.0,0.004,0.002,0.006,0.015,0.004,0.002,0.0,0.004,0.004,0.002,0.002,0.0,0.0,0.002,0.0,0.002,0.0,0.0,0.0,0.0,0.004,0.002,0.002,0.002,0.002,0.002,0.0,0.0,0.0,0.002,0.0,0.004,0.0,0.0,0.004,0.0,0.0,0.002,0.0,0.0,0.004,0.002,0.0,0.002,0.004,0.0,0.002,0.0,0.0,0.002,0.0,0.008,0.006,0.008,0.131,0.0,0.002,0.006,0.002,0.002,0.01,0.01,0.027,0.025,0.023,0.002,0.0,0.0,0.029,0.0,0.0,0.002,0.0,0.0,0.0,0.0,0.0,0.0,0.0,0.002,0.0,0.0,0.0,0.002,0.0,0.0,0.0,0.0,0.0,0.0,0.0,0.002,0.002,0.002,0.002,0.0,0.002,0.004,0.0,0.0,0.002,0.0,0.0,0.0,0.0,0.0,0.0,0.0,0.0,0.004,0.002,0.0,0.002,0.002,0.002,0.0,0.0,0.002,0.002,0.002,0.0,0.002,0.002,0.0,0.0,0.004,0.002,0.0,0.0,0.0,0.0,0.0,0.0,0.0,0.002,0.0,0.0,0.002,0.0,0.0,0.0,0.0,0.0,0.0,0.0,0.0,0.0,0.0,0.002,0.002,0.0,0.002,0.0,0.0,0.006,0.0,0.002,0.0,0.0,0.0,0.002,0.0,0.0,0.0,0.002,0.0,0.0,0.0,0.0,0.0,0.0,0.002,0.002,0.002,0.002,0.0,0.0,0.004,0.002,0.002,0.002,0.006,0.006,0.004,0.004,0.004,0.002,0.0,0.004,0.002,0.0,0.002,0.0,0.0,0.01,0.0,0.002,0.002,0.0,0.004,0.002,0.004,0.006,0.004,0.008,0.004,0.0,0.0,0.004,0.002,0.002,0.01,0.0,0.0,0.01,0.0,0.002,0.0,0.0,0.0,0.004,0.011,0.025,0.002,0.03,0.0,0.0,0.0,0.002,0.004,0.0,0.002,0.004,0.0,0.046,0.002,0.0,0.0,0.0,0.0,0.002,0.002,0.002,0.006,0.002,0.0,0.0,0.0,0.0,0.002,0.0,0.004,0.002,0.004,0.027,0.002,0.0,0.0,0.0,0.002,0.002,0.0,0.015,0.004,0.032,0.008,0.002,0.002,0.023,0.0,0.002,0.004,0.0,0.0,0.008,0.0,0.004,0.0,0.0,0.0,0.002,0.002,0.008,0.002,0.004,0.0,0.002,0.0,0.0,0.002,0.0,0.0,0.0,0.0,0.0,0.0,0.0,0.0,0.0,0.0,0.0,0.0,0.002,0.0,0.004,0.002,0.0,0.0,0.0,0.0,0.0,0.0,0.0,0.002,0.0,0.0,0.0,0.002,0.0,0.0,0.0,0.0,0.0,0.002,0.0,0.0,0.0,0.0,0.0,0.0,0.0,0.002,0.002,0.002,0.036,0.0,0.0,0.0,0.0,0.0,0.006,0.004,0.0,0.002,0.01,0.004,0.0,0.0,0.0

>P31483
0.016,0.0,0.0,0.003,0.003,0.005,0.003,0.005,0.0,0.005,0.003,0.0,0.008,0.003,0.003,0.0,0.008,0.0,0.003,0.003,0.0,0.0,0.0,0.0,0.003,0.003,0.0,0.0,0.005,0.0,0.0,0.0,0.0,0.0,0.0,0.0,0.003,0.0,0.0,0.003,0.005,0.0,0.0,0.005,0.0,0.0,0.003,0.003,0.003,0.003,0.005,0.0,0.003,0.0,0.0,0.0,0.005,0.003,0.0,0.0,0.003,0.0,0.005,0.0,0.003,0.003,0.003,0.005,0.0,0.0,0.003,0.003,0.0,0.003,0.0,0.005,0.005,0.005,0.0,0.0,0.003,0.0,0.0,0.0,0.003,0.005,0.005,0.0,0.0,0.0,0.0,0.008,0.003,0.0,0.0,0.005,0.0,0.01,0.0,0.0,0.0,0.0,0.003,0.0,0.005,0.008,0.003,0.0,0.008,0.003,0.003,0.008,0.005,0.018,0.008,0.003,0.003,0.005,0.003,0.013,0.005,0.0,0.0,0.005,0.003,0.0,0.0,0.0,0.0,0.0,0.0,0.0,0.0,0.0,0.003,0.0,0.0,0.005,0.0,0.0,0.0,0.0,0.0,0.003,0.0,0.008,0.0,0.0,0.003,0.003,0.008,0.003,0.0,0.003,0.005,0.003,0.003,0.003,0.0,0.0,0.003,0.003,0.005,0.005,0.0,0.005,0.0,0.003,0.003,0.0,0.003,0.003,0.003,0.003,0.0,0.005,0.003,0.003,0.003,0.0,0.003,0.0,0.003,0.0,0.003,0.003,0.0,0.003,0.0,0.0,0.003,0.0,0.003,0.003,0.0,0.008,0.003,0.0,0.0,0.003,0.003,0.0,0.003,0.005,0.0,0.008,0.0,0.005,0.0,0.003,0.0,0.003,0.005,0.0,0.003,0.0,0.0,0.0,0.0,0.003,0.005,0.005,0.003,0.0,0.0,0.01,0.0,0.0,0.003,0.003,0.0,0.0,0.003,0.013,0.0,0.003,0.003,0.0,0.005,0.003,0.005,0.003,0.003,0.003,0.005,0.0,0.0,0.0,0.005,0.0,0.0,0.008,0.005,0.005,0.0,0.008,0.0,0.003,0.003,0.005,0.003,0.0,0.003,0.0,0.0,0.005,0.0,0.013,0.003,0.008,0.003,0.005,0.008,0.013,0.003,0.005,0.005,0.003,0.008,0.003,0.0,0.0,0.003,0.0,0.003,0.0,0.003,0.003,0.005,0.0,0.0,0.0,0.0,0.005,0.0,0.003,0.003,0.008,0.0,0.0,0.005,0.0,0.003,0.0,0.005,0.005,0.003,0.0,0.003,0.0,0.003,0.005,0.008,0.008,0.003,0.013,0.008,0.003,0.0,0.003,0.003,0.0,0.0,0.008,0.003,0.003,0.0,0.003,0.003,0.005,0.0,0.003,0.003,0.008,0.003,0.005,0.008,0.005,0.0,0.003,0.003,0.0,0.0,0.003,0.005,0.005,0.0,0.0,0.008,0.0,0.0,0.008,0.003,0.005,0.003,0.008,0.005,0.01,0.0,0.003,0.005,0.0,0.003,0.0,0.0,0.005,0.0,0.0,0.0,0.003,0.003,0.003,0.0,0.003,0.0,0.0,0.0,0.0,0.0,0.003,0.0,0.005,0.003,0.005,0.0,0.016,0.0,0.0,0.0,0.0,0.003,0.0,0.003,0.0,0.003,0.003,0.0,0.003,0.003,0.0

>Q9HCE1
0.003,0.002,0.003,0.002,0.001,0.007,0.002,0.002,0.006,0.005,0.001,0.001,0.007,0.003,0.003,0.0,0.002,0.002,0.0,0.001,0.002,0.001,0.0,0.0,0.001,0.0,0.0,0.001,0.002,0.0,0.001,0.001,0.002,0.001,0.003,0.0,0.0,0.0,0.0,0.001,0.001,0.0,0.001,0.002,0.002,0.003,0.002,0.006,0.0,0.007,0.001,0.0,0.006,0.002,0.008,0.0,0.0,0.005,0.001,0.001,0.005,0.001,0.003,0.004,0.002,0.006,0.001,0.002,0.002,0.01,0.0,0.001,0.002,0.001,0.007,0.006,0.004,0.005,0.001,0.003,0.002,0.002,0.0,0.001,0.002,0.002,0.001,0.002,0.003,0.004,0.0,0.004,0.008,0.001,0.001,0.003,0.003,0.004,0.0,0.003,0.002,0.001,0.003,0.006,0.004,0.004,0.002,0.0,0.004,0.008,0.001,0.003,0.007,0.005,0.002,0.003,0.007,0.004,0.0,0.005,0.0,0.002,0.003,0.001,0.001,0.004,0.001,0.003,0.002,0.005,0.0,0.0,0.001,0.001,0.001,0.002,0.0,0.001,0.0,0.001,0.004,0.0,0.002,0.001,0.005,0.0,0.0,0.003,0.004,0.003,0.0,0.0,0.001,0.0,0.004,0.004,0.006,0.002,0.0,0.002,0.004,0.0,0.002,0.004,0.001,0.005,0.004,0.004,0.005,0.011,0.0,0.001,0.002,0.002,0.003,0.001,0.003,0.004,0.001,0.0,0.008,0.002,0.01,0.009,0.003,0.008,0.003,0.005,0.006,0.023,0.001,0.001,0.007,0.008,0.012,0.008,0.007,0.005,0.002,0.004,0.001,0.0,0.0,0.004,0.0,0.001,0.0,0.0,0.002,0.003,0.0,0.0,0.001,0.0,0.001,0.001,0.002,0.001,0.0,0.0,0.0,0.0,0.0,0.002,0.001,0.002,0.0,0.0,0.0,0.003,0.0,0.0,0.006,0.001,0.004,0.003,0.0,0.001,0.001,0.002,0.005,0.002,0.003,0.006,0.002,0.006,0.002,0.003,0.003,0.007,0.004,0.001,0.003,0.003,0.006,0.009,0.001,0.004,0.0,0.002,0.002,0.001,0.0,0.005,0.003,0.006,0.001,0.0,0.001,0.01,0.001,0.002,0.001,0.001,0.001,0.002,0.0,0.003,0.0,0.0,0.004,0.0,0.004,0.006,0.006,0.003,0.002,0.002,0.002,0.012,0.002,0.004,0.003,0.005,0.001,0.006,0.003,0.005,0.003,0.001,0.001,0.001,0.002,0.002,0.006,0.003,0.002,0.002,0.004,0.007,0.003,0.002,0.006,0.001,0.003,0.005,0.002,0.006,0.0,0.001,0.003,0.0,0.001,0.001,0.003,0.006,0.003,0.002,0.003,0.005,0.0,0.001,0.003,0.002,0.004,0.004,0.002,0.004,0.001,0.003,0.004,0.0,0.004,0.006,0.002,0.004,0.003,0.002,0.005,0.006,0.001,0.001,0.004,0.003,0.004,0.001,0.008,0.004,0.0,0.0,0.002,0.0,0.002,0.001,0.0,0.0,0.0,0.0,0.001,0.001,0.0,0.0,0.001,0.0,0.002,0.0,0.0,0.0,0.0,0.0,0.0,0.001,0.005,0.003,0.001,0.001,0.0,0.002,0.002,0.003,0.0,0.003,0.001,0.0,0.004,0.001,0.001,0.002,0.0,0.002

>Q86X94
0.002,0.0,0.002,0.0,0.0,0.0,0.0,0.002,0.002,0.0,0.0,0.0,0.002,0.0,0.002,0.002,0.003,0.0,0.0,0.0,0.0,0.0,0.0,0.0,0.0,0.002,0.0,0.0,0.0,0.0,0.0,0.003,0.002,0.0,0.0,0.0,0.0,0.0,0.0,0.0,0.002,0.0,0.003,0.002,0.002,0.003,0.0,0.0,0.003,0.0,0.0,0.005,0.003,0.01,0.037,0.01,0.002,0.002,0.003,0.005,0.002,0.0,0.003,0.0,0.005,0.002,0.0,0.0,0.0,0.0,0.0,0.003,0.002,0.003,0.002,0.003,0.0,0.0,0.0,0.0,0.003,0.0,0.003,0.0,0.002,0.002,0.002,0.0,0.003,0.0,0.002,0.0,0.0,0.002,0.002,0.0,0.0,0.002,0.0,0.0,0.0,0.0,0.041,0.01,0.003,0.122,0.002,0.002,0.007,0.002,0.0,0.005,0.003,0.012,0.02,0.014,0.0,0.002,0.0,0.052,0.0,0.0,0.002,0.0,0.0,0.002,0.002,0.0,0.0,0.0,0.0,0.0,0.0,0.002,0.002,0.002,0.002,0.0,0.0,0.0,0.0,0.0,0.002,0.0,0.002,0.002,0.0,0.003,0.003,0.0,0.0,0.002,0.0,0.0,0.0,0.0,0.0,0.0,0.0,0.0,0.002,0.0,0.003,0.002,0.0,0.002,0.0,0.0,0.002,0.0,0.002,0.002,0.003,0.003,0.0,0.002,0.003,0.002,0.0,0.0,0.0,0.0,0.0,0.0,0.0,0.002,0.0,0.0,0.0,0.0,0.0,0.0,0.0,0.0,0.0,0.0,0.0,0.0,0.0,0.002,0.0,0.0,0.0,0.002,0.0,0.002,0.0,0.002,0.0,0.0,0.0,0.002,0.0,0.0,0.002,0.002,0.002,0.0,0.0,0.0,0.0,0.0,0.003,0.002,0.003,0.0,0.0,0.002,0.002,0.002,0.003,0.003,0.003,0.007,0.003,0.003,0.002,0.0,0.0,0.005,0.0,0.0,0.002,0.003,0.0,0.002,0.0,0.0,0.003,0.0,0.003,0.002,0.002,0.0,0.003,0.007,0.0,0.0,0.0,0.003,0.002,0.002,0.003,0.0,0.0,0.012,0.003,0.002,0.002,0.0,0.0,0.005,0.003,0.014,0.003,0.017,0.002,0.002,0.0,0.0,0.002,0.0,0.003,0.002,0.0,0.052,0.0,0.0,0.0,0.0,0.0,0.007,0.007,0.0,0.007,0.012,0.002,0.0,0.0,0.002,0.002,0.003,0.005,0.002,0.003,0.032,0.002,0.0,0.0,0.0,0.0,0.002,0.0,0.015,0.005,0.01,0.003,0.0,0.0,0.02,0.0,0.0,0.007,0.0,0.0,0.005,0.0,0.002,0.0,0.0,0.0,0.002,0.0,0.002,0.002,0.0,0.002,0.002,0.0,0.002,0.0,0.002,0.0,0.0,0.0,0.002,0.0,0.0,0.0,0.0,0.0,0.0,0.0,0.002,0.0,0.007,0.0,0.0,0.0,0.0,0.0,0.0,0.0,0.0,0.002,0.0,0.0,0.0,0.0,0.0,0.0,0.0,0.0,0.0,0.0,0.0,0.0,0.002,0.0,0.0,0.0,0.0,0.01,0.002,0.0,0.052,0.002,0.0,0.0,0.0,0.0,0.002,0.0,0.0,0.005,0.015,0.002,0.0,0.0,0.0

>Q49AS9
0.008,0.0,0.0,0.004,0.0,0.004,0.004,0.008,0.0,0.0,0.0,0.004,0.008,0.004,0.004,0.008,0.008,0.0,0.004,0.0,0.0,0.0,0.0,0.0,0.0,0.004,0.0,0.0,0.0,0.0,0.0,0.0,0.0,0.0,0.0,0.0,0.004,0.0,0.0,0.004,0.008,0.0,0.0,0.0,0.0,0.0,0.0,0.0,0.0,0.0,0.008,0.0,0.0,0.008,0.0,0.0,0.0,0.004,0.0,0.004,0.0,0.0,0.004,0.0,0.0,0.004,0.0,0.004,0.004,0.0,0.0,0.008,0.0,0.0,0.0,0.008,0.0,0.0,0.0,0.0,0.0,0.0,0.0,0.004,0.0,0.012,0.0,0.0,0.0,0.0,0.0,0.0,0.004,0.004,0.0,0.008,0.0,0.008,0.0,0.004,0.004,0.0,0.0,0.0,0.012,0.016,0.004,0.004,0.008,0.004,0.004,0.004,0.0,0.024,0.004,0.0,0.004,0.008,0.004,0.012,0.004,0.0,0.0,0.004,0.0,0.0,0.0,0.0,0.0,0.0,0.004,0.0,0.0,0.0,0.0,0.0,0.0,0.004,0.0,0.0,0.004,0.0,0.0,0.004,0.0,0.0,0.0,0.0,0.0,0.0,0.004,0.0,0.004,0.0,0.008,0.0,0.0,0.008,0.0,0.0,0.0,0.004,0.004,0.004,0.0,0.008,0.0,0.0,0.0,0.004,0.0,0.008,0.004,0.004,0.0,0.008,0.0,0.0,0.0,0.0,0.0,0.0,0.004,0.0,0.0,0.004,0.0,0.0,0.0,0.0,0.004,0.0,0.0,0.0,0.004,0.0,0.004,0.0,0.0,0.0,0.012,0.0,0.004,0.004,0.0,0.008,0.0,0.0,0.0,0.0,0.0,0.0,0.0,0.0,0.004,0.0,0.004,0.0,0.0,0.0,0.004,0.004,0.0,0.0,0.004,0.008,0.0,0.0,0.004,0.0,0.0,0.004,0.004,0.012,0.0,0.0,0.004,0.0,0.004,0.0,0.004,0.0,0.004,0.004,0.004,0.0,0.0,0.0,0.008,0.0,0.0,0.004,0.028,0.008,0.0,0.004,0.0,0.004,0.004,0.004,0.008,0.0,0.0,0.004,0.0,0.008,0.0,0.008,0.0,0.008,0.0,0.0,0.008,0.012,0.0,0.008,0.008,0.012,0.012,0.008,0.0,0.0,0.0,0.0,0.008,0.0,0.0,0.0,0.004,0.0,0.0,0.0,0.0,0.008,0.0,0.0,0.004,0.008,0.0,0.0,0.008,0.0,0.0,0.0,0.008,0.004,0.0,0.0,0.004,0.0,0.0,0.0,0.016,0.008,0.0,0.004,0.008,0.004,0.0,0.004,0.0,0.0,0.004,0.0,0.004,0.004,0.004,0.004,0.008,0.0,0.0,0.004,0.0,0.008,0.004,0.0,0.004,0.004,0.0,0.0,0.0,0.0,0.008,0.0,0.004,0.0,0.004,0.004,0.008,0.0,0.0,0.008,0.004,0.0,0.004,0.008,0.0,0.012,0.0,0.012,0.004,0.0,0.0,0.0,0.0,0.008,0.0,0.0,0.0,0.004,0.004,0.004,0.0,0.004,0.0,0.004,0.0,0.0,0.0,0.0,0.0,0.004,0.0,0.0,0.0,0.024,0.0,0.0,0.0,0.0,0.004,0.004,0.0,0.004,0.0,0.008,0.0,0.0,0.004,0.0

>Q13148
0.01,0.002,0.002,0.002,0.01,0.007,0.0,0.002,0.0,0.002,0.002,0.0,0.002,0.007,0.0,0.007,0.0,0.005,0.0,0.0,0.0,0.0,0.002,0.0,0.0,0.005,0.0,0.0,0.002,0.0,0.002,0.0,0.0,0.0,0.0,0.0,0.002,0.0,0.0,0.0,0.005,0.002,0.005,0.012,0.0,0.005,0.0,0.0,0.0,0.01,0.002,0.002,0.0,0.002,0.0,0.002,0.0,0.005,0.0,0.0,0.0,0.0,0.012,0.0,0.002,0.002,0.0,0.002,0.0,0.002,0.0,0.002,0.01,0.002,0.002,0.0,0.005,0.002,0.0,0.007,0.005,0.0,0.0,0.0,0.002,0.019,0.0,0.002,0.0,0.0,0.0,0.002,0.002,0.0,0.002,0.007,0.002,0.007,0.0,0.0,0.01,0.0,0.002,0.005,0.015,0.019,0.002,0.005,0.0,0.007,0.01,0.019,0.002,0.0,0.007,0.017,0.002,0.002,0.007,0.0,0.002,0.0,0.0,0.0,0.0,0.0,0.0,0.002,0.0,0.0,0.002,0.002,0.0,0.0,0.0,0.002,0.0,0.0,0.0,0.0,0.002,0.0,0.002,0.002,0.0,0.002,0.0,0.002,0.002,0.002,0.0,0.002,0.005,0.0,0.002,0.005,0.0,0.002,0.0,0.0,0.0,0.0,0.005,0.002,0.0,0.005,0.002,0.0,0.002,0.002,0.002,0.0,0.002,0.002,0.005,0.002,0.007,0.007,0.0,0.0,0.002,0.002,0.0,0.002,0.0,0.005,0.002,0.005,0.005,0.002,0.002,0.0,0.005,0.002,0.007,0.002,0.0,0.005,0.0,0.0,0.002,0.0,0.007,0.0,0.0,0.005,0.0,0.002,0.0,0.002,0.005,0.002,0.0,0.002,0.002,0.005,0.002,0.002,0.0,0.0,0.005,0.0,0.002,0.0,0.002,0.002,0.0,0.0,0.002,0.002,0.005,0.007,0.007,0.015,0.002,0.012,0.0,0.0,0.0,0.002,0.002,0.0,0.002,0.0,0.002,0.005,0.0,0.002,0.007,0.002,0.0,0.005,0.0,0.0,0.0,0.005,0.0,0.002,0.002,0.0,0.005,0.002,0.005,0.0,0.002,0.007,0.0,0.002,0.002,0.002,0.0,0.005,0.0,0.002,0.005,0.01,0.0,0.005,0.0,0.002,0.005,0.002,0.0,0.005,0.005,0.005,0.002,0.0,0.005,0.002,0.0,0.002,0.0,0.002,0.0,0.005,0.0,0.002,0.002,0.002,0.005,0.0,0.002,0.005,0.0,0.022,0.0,0.002,0.007,0.002,0.002,0.012,0.0,0.012,0.005,0.01,0.005,0.002,0.002,0.002,0.002,0.0,0.002,0.012,0.005,0.002,0.0,0.0,0.0,0.0,0.0,0.0,0.0,0.002,0.0,0.002,0.002,0.005,0.0,0.0,0.0,0.0,0.0,0.002,0.005,0.002,0.002,0.0,0.01,0.007,0.005,0.002,0.0,0.005,0.005,0.002,0.007,0.002,0.0,0.002,0.0,0.002,0.0,0.0,0.0,0.01,0.0,0.0,0.002,0.0,0.0,0.0,0.0,0.0,0.0,0.0,0.0,0.0,0.0,0.0,0.0,0.0,0.0,0.002,0.002,0.002,0.0,0.002,0.0,0.0,0.0,0.0,0.002,0.0,0.002,0.002,0.0,0.002,0.0,0.0

>Q9Y6M1
0.003,0.003,0.003,0.008,0.003,0.007,0.005,0.007,0.002,0.002,0.002,0.002,0.007,0.008,0.003,0.007,0.003,0.007,0.0,0.0,0.002,0.0,0.0,0.0,0.0,0.0,0.0,0.0,0.0,0.0,0.0,0.0,0.0,0.0,0.002,0.0,0.0,0.0,0.0,0.0,0.0,0.0,0.002,0.005,0.002,0.002,0.002,0.002,0.0,0.003,0.002,0.0,0.0,0.003,0.002,0.0,0.002,0.002,0.0,0.003,0.012,0.0,0.0,0.01,0.0,0.007,0.002,0.01,0.003,0.003,0.0,0.01,0.0,0.007,0.003,0.0,0.007,0.01,0.0,0.0,0.003,0.0,0.0,0.003,0.003,0.005,0.0,0.002,0.003,0.0,0.0,0.002,0.003,0.0,0.0,0.003,0.002,0.003,0.0,0.0,0.01,0.0,0.003,0.0,0.0,0.003,0.005,0.002,0.013,0.008,0.0,0.002,0.007,0.002,0.007,0.0,0.008,0.002,0.0,0.003,0.003,0.0,0.0,0.002,0.002,0.002,0.005,0.003,0.0,0.002,0.0,0.002,0.002,0.003,0.002,0.005,0.0,0.0,0.0,0.0,0.003,0.0,0.002,0.005,0.003,0.01,0.003,0.007,0.005,0.005,0.005,0.0,0.008,0.002,0.007,0.003,0.007,0.007,0.0,0.002,0.002,0.0,0.0,0.01,0.0,0.005,0.0,0.015,0.007,0.013,0.0,0.002,0.002,0.005,0.0,0.002,0.002,0.002,0.0,0.002,0.01,0.0,0.002,0.003,0.003,0.002,0.002,0.003,0.007,0.003,0.0,0.002,0.002,0.005,0.007,0.012,0.003,0.003,0.0,0.003,0.0,0.0,0.0,0.003,0.0,0.0,0.0,0.002,0.002,0.002,0.002,0.002,0.0,0.002,0.0,0.0,0.0,0.002,0.0,0.0,0.0,0.0,0.002,0.003,0.002,0.002,0.0,0.003,0.002,0.01,0.0,0.0,0.003,0.002,0.0,0.002,0.002,0.003,0.002,0.002,0.007,0.0,0.007,0.007,0.003,0.003,0.005,0.0,0.002,0.005,0.0,0.0,0.008,0.003,0.003,0.003,0.003,0.002,0.0,0.002,0.005,0.0,0.002,0.003,0.007,0.005,0.0,0.003,0.003,0.003,0.0,0.003,0.0,0.005,0.007,0.002,0.005,0.005,0.002,0.002,0.003,0.0,0.002,0.007,0.002,0.003,0.0,0.005,0.007,0.002,0.003,0.003,0.0,0.003,0.0,0.003,0.002,0.005,0.0,0.0,0.005,0.0,0.0,0.003,0.002,0.008,0.0,0.003,0.003,0.003,0.0,0.0,0.007,0.005,0.005,0.008,0.003,0.003,0.0,0.003,0.007,0.0,0.002,0.002,0.0,0.005,0.002,0.007,0.005,0.002,0.0,0.0,0.003,0.005,0.002,0.005,0.002,0.007,0.0,0.002,0.002,0.0,0.005,0.007,0.0,0.005,0.0,0.007,0.005,0.005,0.0,0.008,0.005,0.002,0.002,0.005,0.005,0.002,0.0,0.0,0.002,0.0,0.0,0.002,0.0,0.0,0.0,0.0,0.0,0.0,0.0,0.0,0.0,0.0,0.0,0.0,0.0,0.0,0.0,0.0,0.003,0.0,0.0,0.0,0.002,0.002,0.002,0.003,0.0,0.0,0.0,0.002,0.007,0.0,0.0,0.003,0.0,0.0,0.0,0.0

>Q96PU8
0.018,0.0,0.003,0.012,0.003,0.006,0.0,0.006,0.003,0.006,0.0,0.003,0.009,0.006,0.0,0.0,0.012,0.012,0.0,0.0,0.0,0.0,0.0,0.0,0.0,0.003,0.0,0.0,0.003,0.0,0.0,0.0,0.0,0.0,0.0,0.0,0.0,0.0,0.0,0.0,0.009,0.0,0.0,0.003,0.003,0.0,0.0,0.0,0.006,0.003,0.006,0.0,0.0,0.0,0.003,0.003,0.003,0.0,0.0,0.003,0.006,0.0,0.009,0.009,0.0,0.003,0.003,0.006,0.009,0.006,0.003,0.0,0.003,0.003,0.003,0.0,0.006,0.003,0.0,0.009,0.0,0.003,0.0,0.0,0.0,0.0,0.0,0.0,0.0,0.0,0.0,0.006,0.0,0.0,0.0,0.003,0.0,0.003,0.0,0.0,0.003,0.003,0.0,0.006,0.0,0.0,0.0,0.003,0.006,0.006,0.0,0.003,0.015,0.0,0.003,0.006,0.006,0.003,0.0,0.0,0.0,0.0,0.003,0.0,0.0,0.0,0.0,0.0,0.0,0.006,0.0,0.0,0.006,0.0,0.0,0.0,0.0,0.003,0.0,0.0,0.0,0.0,0.0,0.003,0.003,0.0,0.0,0.003,0.006,0.009,0.006,0.0,0.0,0.003,0.003,0.003,0.006,0.009,0.0,0.003,0.0,0.0,0.003,0.009,0.0,0.003,0.0,0.003,0.015,0.012,0.003,0.0,0.009,0.003,0.006,0.003,0.0,0.003,0.0,0.0,0.012,0.0,0.003,0.009,0.0,0.006,0.003,0.009,0.006,0.006,0.012,0.009,0.009,0.003,0.003,0.0,0.003,0.003,0.0,0.003,0.0,0.0,0.0,0.006,0.0,0.0,0.0,0.0,0.0,0.0,0.0,0.003,0.006,0.006,0.006,0.003,0.0,0.006,0.0,0.003,0.0,0.0,0.006,0.003,0.006,0.009,0.003,0.003,0.0,0.0,0.0,0.0,0.0,0.0,0.006,0.0,0.0,0.0,0.003,0.0,0.018,0.0,0.009,0.003,0.0,0.003,0.003,0.006,0.003,0.003,0.0,0.009,0.006,0.0,0.006,0.003,0.012,0.006,0.0,0.009,0.003,0.0,0.0,0.003,0.0,0.0,0.0,0.003,0.0,0.012,0.0,0.006,0.0,0.0,0.003,0.0,0.003,0.0,0.0,0.0,0.009,0.0,0.006,0.0,0.0,0.009,0.003,0.009,0.003,0.003,0.0,0.0,0.0,0.003,0.003,0.003,0.003,0.006,0.0,0.0,0.003,0.0,0.0,0.0,0.0,0.003,0.0,0.003,0.0,0.009,0.003,0.0,0.003,0.0,0.003,0.003,0.003,0.0,0.0,0.0,0.015,0.0,0.0,0.003,0.0,0.009,0.0,0.003,0.006,0.006,0.0,0.0,0.015,0.0,0.0,0.003,0.0,0.003,0.0,0.003,0.003,0.0,0.0,0.006,0.0,0.009,0.003,0.0,0.006,0.009,0.003,0.0,0.009,0.003,0.009,0.0,0.003,0.0,0.0,0.0,0.0,0.0,0.0,0.003,0.0,0.0,0.0,0.0,0.0,0.0,0.0,0.0,0.0,0.0,0.0,0.0,0.0,0.0,0.0,0.0,0.0,0.0,0.0,0.003,0.0,0.0,0.0,0.0,0.0,0.003,0.0,0.003,0.009,0.003,0.003,0.0,0.006,0.003,0.0,0.0

>O43251
0.039,0.0,0.013,0.0,0.003,0.003,0.005,0.003,0.0,0.003,0.003,0.003,0.005,0.005,0.008,0.008,0.013,0.013,0.0,0.008,0.0,0.0,0.0,0.0,0.0,0.0,0.0,0.0,0.0,0.0,0.0,0.0,0.0,0.0,0.0,0.0,0.0,0.0,0.0,0.0,0.008,0.0,0.0,0.0,0.0,0.008,0.0,0.0,0.0,0.005,0.0,0.0,0.005,0.0,0.003,0.003,0.0,0.005,0.0,0.003,0.0,0.0,0.0,0.0,0.0,0.005,0.003,0.003,0.003,0.003,0.0,0.005,0.005,0.003,0.003,0.003,0.0,0.003,0.0,0.003,0.003,0.0,0.0,0.003,0.0,0.008,0.0,0.0,0.0,0.0,0.0,0.003,0.008,0.003,0.008,0.0,0.003,0.003,0.0,0.003,0.015,0.0,0.0,0.005,0.013,0.01,0.0,0.005,0.003,0.0,0.0,0.005,0.003,0.008,0.013,0.008,0.003,0.008,0.003,0.01,0.003,0.0,0.0,0.0,0.0,0.008,0.0,0.0,0.0,0.003,0.0,0.003,0.0,0.0,0.0,0.0,0.003,0.003,0.0,0.0,0.0,0.0,0.0,0.003,0.003,0.0,0.0,0.003,0.0,0.003,0.0,0.003,0.013,0.0,0.0,0.003,0.0,0.0,0.0,0.0,0.0,0.0,0.0,0.0,0.0,0.003,0.0,0.005,0.003,0.005,0.003,0.0,0.0,0.0,0.003,0.003,0.0,0.0,0.0,0.0,0.003,0.0,0.003,0.0,0.0,0.003,0.005,0.003,0.0,0.0,0.0,0.0,0.003,0.0,0.005,0.005,0.008,0.003,0.0,0.01,0.0,0.0,0.0,0.0,0.003,0.0,0.0,0.0,0.0,0.0,0.0,0.0,0.0,0.003,0.0,0.0,0.003,0.005,0.0,0.0,0.003,0.0,0.003,0.005,0.0,0.008,0.0,0.003,0.003,0.003,0.0,0.003,0.0,0.003,0.0,0.008,0.003,0.0,0.0,0.0,0.01,0.0,0.005,0.003,0.008,0.008,0.003,0.0,0.003,0.01,0.0,0.0,0.01,0.003,0.0,0.003,0.01,0.003,0.0,0.01,0.005,0.0,0.005,0.003,0.003,0.003,0.0,0.0,0.0,0.0,0.003,0.008,0.005,0.003,0.0,0.008,0.008,0.0,0.0,0.0,0.005,0.0,0.005,0.003,0.005,0.015,0.0,0.0,0.003,0.003,0.0,0.0,0.0,0.003,0.0,0.0,0.003,0.005,0.0,0.003,0.003,0.0,0.003,0.005,0.003,0.003,0.0,0.0,0.005,0.01,0.0,0.005,0.005,0.005,0.003,0.008,0.008,0.0,0.0,0.003,0.021,0.0,0.003,0.005,0.003,0.003,0.0,0.003,0.0,0.003,0.0,0.003,0.01,0.01,0.0,0.0,0.013,0.005,0.0,0.003,0.003,0.0,0.0,0.005,0.0,0.005,0.0,0.0,0.0,0.0,0.003,0.003,0.01,0.003,0.003,0.005,0.005,0.008,0.0,0.01,0.0,0.0,0.0,0.0,0.0,0.0,0.0,0.0,0.003,0.0,0.0,0.0,0.0,0.0,0.0,0.0,0.0,0.0,0.0,0.0,0.013,0.0,0.0,0.0,0.0,0.021,0.005,0.003,0.0,0.0,0.0,0.0,0.005,0.003,0.005,0.005,0.003,0.0,0.0,0.0

>Q8NDV7
0.004,0.001,0.001,0.001,0.001,0.001,0.001,0.002,0.003,0.004,0.001,0.004,0.003,0.006,0.001,0.006,0.005,0.001,0.006,0.001,0.0,0.0,0.0,0.001,0.0,0.001,0.0,0.001,0.001,0.0,0.001,0.0,0.0,0.001,0.0,0.002,0.0,0.001,0.0,0.0,0.002,0.001,0.002,0.001,0.001,0.004,0.001,0.001,0.003,0.003,0.001,0.003,0.005,0.003,0.002,0.006,0.002,0.001,0.001,0.001,0.004,0.001,0.002,0.01,0.001,0.0,0.001,0.002,0.003,0.004,0.001,0.002,0.004,0.002,0.003,0.009,0.002,0.003,0.001,0.0,0.001,0.0,0.001,0.0,0.001,0.001,0.001,0.0,0.0,0.001,0.002,0.001,0.001,0.001,0.002,0.003,0.001,0.002,0.0,0.0,0.005,0.0,0.006,0.007,0.001,0.01,0.001,0.002,0.003,0.005,0.004,0.008,0.008,0.004,0.002,0.017,0.009,0.002,0.01,0.001,0.0,0.0,0.0,0.001,0.001,0.004,0.0,0.0,0.001,0.002,0.001,0.0,0.001,0.002,0.0,0.002,0.001,0.0,0.001,0.001,0.002,0.0,0.004,0.0,0.0,0.003,0.0,0.001,0.002,0.001,0.001,0.005,0.001,0.001,0.001,0.005,0.003,0.002,0.0,0.0,0.002,0.001,0.002,0.004,0.001,0.005,0.001,0.001,0.006,0.002,0.002,0.004,0.004,0.004,0.002,0.006,0.003,0.003,0.001,0.001,0.003,0.001,0.003,0.002,0.001,0.006,0.002,0.001,0.002,0.004,0.001,0.008,0.006,0.003,0.004,0.009,0.003,0.002,0.002,0.0,0.001,0.001,0.002,0.002,0.001,0.001,0.0,0.0,0.002,0.001,0.001,0.003,0.002,0.004,0.001,0.001,0.001,0.001,0.001,0.0,0.004,0.002,0.002,0.002,0.002,0.011,0.003,0.004,0.005,0.005,0.002,0.008,0.003,0.005,0.003,0.014,0.006,0.004,0.002,0.002,0.006,0.0,0.001,0.004,0.001,0.006,0.002,0.004,0.002,0.006,0.001,0.007,0.009,0.01,0.004,0.011,0.002,0.003,0.002,0.002,0.003,0.001,0.002,0.003,0.001,0.003,0.002,0.002,0.004,0.004,0.002,0.006,0.01,0.017,0.002,0.009,0.002,0.003,0.001,0.0,0.003,0.0,0.002,0.002,0.001,0.004,0.001,0.001,0.002,0.003,0.001,0.004,0.003,0.001,0.003,0.002,0.002,0.001,0.001,0.002,0.008,0.0,0.006,0.004,0.003,0.016,0.002,0.005,0.007,0.008,0.003,0.011,0.008,0.011,0.007,0.029,0.013,0.009,0.002,0.001,0.003,0.001,0.002,0.003,0.002,0.008,0.001,0.002,0.001,0.003,0.001,0.006,0.006,0.001,0.0,0.012,0.004,0.004,0.003,0.0,0.001,0.0,0.003,0.002,0.0,0.004,0.001,0.001,0.003,0.003,0.001,0.004,0.005,0.003,0.002,0.007,0.001,0.002,0.001,0.0,0.001,0.001,0.002,0.002,0.0,0.014,0.0,0.001,0.002,0.001,0.0,0.004,0.003,0.001,0.001,0.002,0.001,0.0,0.0,0.0,0.001,0.0,0.001,0.001,0.001,0.001,0.0,0.0,0.001,0.0,0.0,0.002,0.001,0.0,0.0,0.002,0.001,0.001,0.0,0.0

>Q9UPQ9
0.005,0.001,0.001,0.001,0.0,0.004,0.0,0.001,0.003,0.004,0.002,0.002,0.007,0.005,0.003,0.012,0.004,0.002,0.003,0.0,0.0,0.0,0.0,0.0,0.0,0.0,0.0,0.001,0.001,0.001,0.001,0.001,0.0,0.002,0.0,0.001,0.001,0.001,0.001,0.0,0.001,0.001,0.002,0.003,0.001,0.005,0.001,0.002,0.004,0.003,0.001,0.005,0.005,0.001,0.002,0.005,0.003,0.001,0.0,0.002,0.003,0.001,0.004,0.005,0.001,0.003,0.0,0.001,0.002,0.001,0.001,0.003,0.002,0.003,0.001,0.004,0.002,0.003,0.002,0.0,0.001,0.0,0.001,0.001,0.0,0.002,0.001,0.001,0.001,0.001,0.0,0.002,0.001,0.001,0.001,0.003,0.001,0.001,0.0,0.0,0.009,0.001,0.004,0.005,0.002,0.017,0.002,0.001,0.004,0.007,0.003,0.009,0.01,0.006,0.003,0.017,0.008,0.003,0.009,0.001,0.0,0.0,0.0,0.0,0.0,0.001,0.0,0.001,0.002,0.002,0.001,0.003,0.002,0.001,0.001,0.001,0.001,0.0,0.0,0.0,0.001,0.001,0.002,0.001,0.0,0.004,0.001,0.001,0.001,0.001,0.001,0.0,0.002,0.001,0.001,0.002,0.0,0.002,0.001,0.0,0.002,0.001,0.003,0.003,0.001,0.006,0.001,0.002,0.004,0.001,0.003,0.006,0.003,0.004,0.003,0.007,0.002,0.002,0.001,0.0,0.004,0.0,0.001,0.001,0.002,0.007,0.002,0.001,0.002,0.007,0.001,0.004,0.007,0.003,0.002,0.007,0.003,0.001,0.002,0.0,0.0,0.001,0.002,0.003,0.0,0.002,0.001,0.0,0.002,0.002,0.001,0.001,0.001,0.001,0.001,0.0,0.001,0.002,0.001,0.0,0.005,0.0,0.003,0.003,0.002,0.006,0.001,0.001,0.004,0.004,0.002,0.007,0.007,0.005,0.001,0.014,0.007,0.004,0.002,0.002,0.007,0.002,0.004,0.003,0.002,0.009,0.001,0.003,0.003,0.003,0.001,0.01,0.014,0.007,0.004,0.014,0.004,0.003,0.001,0.002,0.003,0.001,0.004,0.003,0.003,0.005,0.001,0.003,0.002,0.004,0.001,0.003,0.008,0.013,0.001,0.007,0.004,0.002,0.001,0.0,0.001,0.001,0.001,0.004,0.002,0.003,0.001,0.001,0.003,0.001,0.001,0.001,0.004,0.003,0.001,0.004,0.001,0.001,0.0,0.001,0.011,0.001,0.007,0.002,0.001,0.014,0.002,0.001,0.007,0.007,0.002,0.011,0.013,0.005,0.005,0.019,0.014,0.005,0.007,0.002,0.004,0.0,0.005,0.004,0.001,0.011,0.001,0.001,0.003,0.004,0.0,0.002,0.006,0.003,0.001,0.007,0.005,0.002,0.002,0.0,0.002,0.0,0.002,0.001,0.0,0.005,0.001,0.001,0.0,0.003,0.0,0.002,0.004,0.002,0.002,0.005,0.003,0.001,0.002,0.0,0.0,0.0,0.003,0.003,0.0,0.012,0.0,0.0,0.003,0.001,0.001,0.003,0.002,0.001,0.001,0.004,0.001,0.0,0.0,0.0,0.001,0.0,0.0,0.0,0.001,0.001,0.0,0.0,0.002,0.0,0.001,0.001,0.0,0.0,0.001,0.002,0.0,0.001,0.001,0.0

>Q9HCJ0
0.011,0.0,0.002,0.002,0.001,0.007,0.001,0.002,0.004,0.007,0.002,0.004,0.004,0.005,0.002,0.009,0.004,0.004,0.008,0.001,0.001,0.0,0.0,0.0,0.0,0.0,0.0,0.0,0.001,0.001,0.0,0.0,0.0,0.0,0.001,0.002,0.0,0.001,0.001,0.0,0.001,0.0,0.002,0.002,0.0,0.006,0.001,0.001,0.003,0.002,0.001,0.002,0.003,0.001,0.001,0.006,0.002,0.002,0.001,0.0,0.003,0.0,0.001,0.005,0.002,0.005,0.001,0.001,0.001,0.001,0.001,0.001,0.004,0.002,0.001,0.004,0.001,0.001,0.001,0.0,0.002,0.0,0.0,0.001,0.0,0.001,0.001,0.0,0.0,0.002,0.0,0.0,0.001,0.0,0.0,0.001,0.001,0.0,0.0,0.0,0.008,0.001,0.008,0.005,0.001,0.011,0.004,0.003,0.007,0.009,0.004,0.012,0.007,0.002,0.005,0.015,0.007,0.004,0.008,0.0,0.001,0.001,0.0,0.001,0.0,0.002,0.0,0.001,0.0,0.002,0.002,0.001,0.004,0.001,0.001,0.003,0.001,0.0,0.001,0.0,0.001,0.001,0.003,0.0,0.0,0.004,0.001,0.001,0.001,0.001,0.001,0.004,0.002,0.004,0.001,0.002,0.001,0.0,0.0,0.0,0.002,0.0,0.002,0.002,0.0,0.004,0.001,0.001,0.002,0.001,0.001,0.002,0.005,0.004,0.001,0.007,0.002,0.002,0.0,0.0,0.004,0.001,0.002,0.001,0.0,0.008,0.001,0.002,0.002,0.006,0.0,0.006,0.007,0.006,0.002,0.008,0.004,0.004,0.002,0.001,0.002,0.001,0.002,0.001,0.001,0.002,0.0,0.001,0.001,0.001,0.0,0.004,0.001,0.002,0.001,0.001,0.001,0.0,0.001,0.0,0.005,0.001,0.003,0.001,0.001,0.011,0.001,0.002,0.001,0.007,0.002,0.005,0.009,0.003,0.002,0.012,0.007,0.003,0.003,0.001,0.007,0.001,0.001,0.001,0.001,0.009,0.002,0.002,0.002,0.005,0.001,0.005,0.016,0.008,0.004,0.014,0.007,0.006,0.001,0.001,0.006,0.0,0.002,0.003,0.001,0.004,0.003,0.002,0.002,0.005,0.001,0.008,0.005,0.006,0.002,0.004,0.004,0.002,0.001,0.001,0.002,0.0,0.001,0.001,0.001,0.001,0.0,0.0,0.002,0.002,0.0,0.003,0.002,0.002,0.002,0.005,0.002,0.002,0.0,0.002,0.012,0.001,0.004,0.003,0.001,0.02,0.003,0.004,0.004,0.004,0.002,0.011,0.012,0.008,0.004,0.024,0.011,0.006,0.004,0.001,0.004,0.0,0.002,0.002,0.002,0.009,0.001,0.002,0.002,0.004,0.002,0.006,0.004,0.002,0.001,0.009,0.009,0.002,0.002,0.0,0.004,0.0,0.002,0.001,0.0,0.001,0.001,0.001,0.003,0.003,0.0,0.004,0.005,0.003,0.001,0.006,0.002,0.001,0.002,0.0,0.002,0.0,0.002,0.002,0.0,0.016,0.0,0.001,0.001,0.001,0.0,0.002,0.001,0.001,0.0,0.003,0.001,0.001,0.0,0.0,0.0,0.0,0.001,0.0,0.0,0.001,0.0,0.0,0.0,0.001,0.0,0.001,0.001,0.001,0.0,0.002,0.0,0.0,0.0,0.0

>Q13285
0.007,0.0,0.007,0.0,0.004,0.009,0.002,0.002,0.004,0.011,0.0,0.004,0.004,0.007,0.004,0.002,0.002,0.004,0.0,0.0,0.0,0.0,0.0,0.002,0.0,0.004,0.002,0.0,0.004,0.009,0.002,0.0,0.004,0.0,0.004,0.0,0.002,0.0,0.002,0.0,0.002,0.0,0.0,0.007,0.002,0.0,0.002,0.0,0.007,0.004,0.0,0.0,0.0,0.009,0.007,0.0,0.0,0.0,0.002,0.007,0.002,0.0,0.004,0.0,0.002,0.002,0.0,0.0,0.002,0.013,0.004,0.0,0.011,0.0,0.0,0.004,0.002,0.007,0.0,0.004,0.0,0.002,0.002,0.0,0.002,0.007,0.0,0.004,0.007,0.002,0.0,0.0,0.002,0.004,0.0,0.004,0.0,0.002,0.0,0.0,0.004,0.002,0.007,0.0,0.004,0.004,0.0,0.0,0.002,0.009,0.002,0.002,0.015,0.002,0.004,0.004,0.0,0.002,0.0,0.007,0.0,0.002,0.0,0.0,0.0,0.007,0.0,0.004,0.002,0.002,0.0,0.0,0.0,0.0,0.0,0.002,0.0,0.0,0.0,0.007,0.0,0.0,0.002,0.002,0.0,0.0,0.0,0.002,0.002,0.011,0.0,0.0,0.0,0.0,0.002,0.002,0.0,0.002,0.0,0.002,0.004,0.002,0.002,0.007,0.009,0.004,0.004,0.002,0.002,0.002,0.0,0.0,0.0,0.004,0.007,0.004,0.002,0.002,0.0,0.0,0.007,0.009,0.009,0.009,0.002,0.007,0.004,0.004,0.007,0.026,0.0,0.002,0.007,0.015,0.002,0.002,0.007,0.013,0.0,0.004,0.004,0.0,0.002,0.0,0.0,0.002,0.0,0.0,0.0,0.002,0.0,0.0,0.002,0.002,0.004,0.0,0.002,0.002,0.0,0.002,0.002,0.002,0.0,0.002,0.0,0.002,0.002,0.0,0.004,0.002,0.0,0.007,0.0,0.0,0.0,0.0,0.0,0.002,0.0,0.0,0.011,0.0,0.007,0.009,0.004,0.007,0.002,0.0,0.002,0.004,0.007,0.002,0.02,0.002,0.002,0.002,0.002,0.002,0.0,0.004,0.007,0.0,0.0,0.011,0.0,0.0,0.002,0.002,0.004,0.011,0.002,0.004,0.004,0.004,0.002,0.002,0.004,0.004,0.0,0.0,0.015,0.004,0.002,0.0,0.002,0.002,0.0,0.002,0.002,0.002,0.004,0.004,0.002,0.004,0.002,0.0,0.002,0.0,0.0,0.0,0.0,0.004,0.0,0.004,0.0,0.004,0.0,0.004,0.0,0.009,0.002,0.0,0.002,0.002,0.002,0.0,0.0,0.0,0.0,0.002,0.0,0.004,0.0,0.002,0.002,0.004,0.0,0.0,0.002,0.004,0.0,0.0,0.0,0.004,0.0,0.0,0.002,0.007,0.0,0.0,0.004,0.004,0.002,0.004,0.004,0.002,0.0,0.0,0.002,0.007,0.0,0.0,0.007,0.004,0.007,0.002,0.002,0.0,0.0,0.0,0.002,0.0,0.0,0.0,0.0,0.0,0.0,0.0,0.0,0.0,0.0,0.0,0.0,0.0,0.0,0.002,0.0,0.0,0.0,0.0,0.002,0.0,0.002,0.0,0.0,0.004,0.004,0.0,0.002,0.004,0.0,0.0,0.009,0.0,0.002,0.002,0.004,0.002,0.0,0.0

>Q6PJX3
0.021,0.0,0.0,0.0,0.0,0.0,0.0,0.005,0.01,0.01,0.0,0.0,0.0,0.0,0.005,0.0,0.0,0.01,0.0,0.005,0.0,0.0,0.0,0.0,0.0,0.0,0.0,0.0,0.0,0.0,0.0,0.0,0.0,0.0,0.0,0.0,0.0,0.0,0.0,0.0,0.005,0.0,0.0,0.0,0.0,0.0,0.0,0.0,0.0,0.0,0.0,0.0,0.005,0.0,0.0,0.0,0.0,0.0,0.0,0.0,0.0,0.0,0.0,0.015,0.005,0.01,0.0,0.01,0.0,0.01,0.0,0.005,0.005,0.0,0.01,0.015,0.0,0.005,0.0,0.0,0.0,0.0,0.0,0.01,0.0,0.0,0.0,0.0,0.0,0.0,0.0,0.005,0.01,0.0,0.0,0.0,0.0,0.01,0.0,0.005,0.005,0.0,0.0,0.015,0.0,0.01,0.0,0.0,0.021,0.0,0.0,0.0,0.005,0.005,0.005,0.0,0.0,0.0,0.0,0.0,0.0,0.0,0.005,0.0,0.0,0.0,0.0,0.0,0.0,0.0,0.005,0.0,0.0,0.0,0.0,0.0,0.0,0.0,0.0,0.0,0.01,0.0,0.0,0.0,0.0,0.0,0.0,0.0,0.005,0.005,0.0,0.0,0.0,0.0,0.0,0.01,0.0,0.0,0.0,0.0,0.005,0.0,0.0,0.0,0.0,0.005,0.005,0.005,0.046,0.01,0.0,0.01,0.015,0.005,0.005,0.01,0.005,0.005,0.0,0.0,0.0,0.0,0.0,0.01,0.0,0.005,0.0,0.0,0.015,0.005,0.0,0.005,0.021,0.005,0.005,0.005,0.0,0.0,0.0,0.005,0.0,0.0,0.0,0.0,0.0,0.0,0.0,0.0,0.01,0.0,0.0,0.0,0.0,0.005,0.005,0.0,0.0,0.0,0.0,0.005,0.005,0.0,0.0,0.005,0.01,0.01,0.0,0.0,0.005,0.01,0.005,0.0,0.0,0.0,0.0,0.0,0.0,0.0,0.0,0.005,0.005,0.0,0.0,0.005,0.005,0.0,0.005,0.0,0.0,0.021,0.005,0.0,0.021,0.0,0.01,0.0,0.0,0.015,0.0,0.005,0.005,0.0,0.0,0.0,0.005,0.0,0.0,0.0,0.0,0.0,0.0,0.005,0.0,0.005,0.0,0.005,0.0,0.015,0.0,0.0,0.0,0.0,0.0,0.01,0.0,0.005,0.0,0.01,0.0,0.005,0.005,0.005,0.0,0.005,0.0,0.0,0.0,0.005,0.0,0.005,0.0,0.0,0.0,0.01,0.005,0.005,0.0,0.0,0.01,0.0,0.0,0.0,0.0,0.005,0.005,0.0,0.005,0.01,0.0,0.0,0.0,0.0,0.0,0.0,0.0,0.0,0.0,0.0,0.005,0.0,0.0,0.0,0.0,0.0,0.005,0.0,0.0,0.0,0.0,0.005,0.005,0.0,0.005,0.01,0.005,0.015,0.0,0.0,0.005,0.005,0.0,0.01,0.005,0.0,0.0,0.005,0.005,0.0,0.0,0.0,0.0,0.0,0.0,0.0,0.0,0.0,0.0,0.0,0.0,0.0,0.0,0.0,0.0,0.0,0.0,0.0,0.0,0.0,0.0,0.0,0.0,0.0,0.0,0.0,0.005,0.0,0.0,0.0,0.005,0.0,0.0,0.01,0.01,0.005,0.0,0.005,0.0,0.0,0.0,0.0

