Data type: RNA sequences
Mode: PC-PseDNC-General
Physicochemical properties: ['Rise (RNA)', 'Tilt (RNA)', 'Twist (RNA)', 'Slide (RNA)', 'Shift (RNA)', 'Roll (RNA)']
Lambda: 10
W: 0.05

>n370152
0.019,0.022,0.026,0.024,0.032,0.034,0.016,0.041,0.025,0.028,0.03,0.026,0.016,0.038,0.036,0.061,0.061,0.054,0.051,0.051,0.051,0.051,0.05,0.052,0.049,0.053

>n370153
0.029,0.021,0.035,0.016,0.027,0.042,0.025,0.035,0.029,0.037,0.031,0.018,0.015,0.029,0.025,0.031,0.069,0.053,0.056,0.052,0.054,0.052,0.055,0.055,0.054,0.055

>n370180
0.031,0.025,0.03,0.03,0.032,0.04,0.014,0.036,0.03,0.027,0.035,0.02,0.022,0.03,0.034,0.049,0.06,0.052,0.05,0.052,0.05,0.05,0.051,0.049,0.051,0.05

>n370204
0.028,0.022,0.032,0.025,0.033,0.043,0.007,0.047,0.026,0.027,0.035,0.03,0.02,0.038,0.044,0.044,0.057,0.051,0.049,0.049,0.049,0.048,0.05,0.049,0.049,0.048

>n370205
0.035,0.023,0.037,0.029,0.034,0.031,0.004,0.047,0.032,0.026,0.036,0.028,0.023,0.036,0.045,0.038,0.057,0.049,0.051,0.049,0.049,0.049,0.047,0.049,0.047,0.05

>n370290
0.024,0.023,0.037,0.024,0.037,0.041,0.01,0.042,0.032,0.033,0.033,0.026,0.015,0.033,0.043,0.03,0.061,0.052,0.049,0.051,0.05,0.052,0.048,0.051,0.051,0.051

>n370423
0.027,0.027,0.031,0.031,0.032,0.042,0.016,0.035,0.031,0.023,0.036,0.021,0.026,0.033,0.028,0.039,0.061,0.052,0.05,0.052,0.052,0.051,0.051,0.05,0.052,0.05

>n370452
0.041,0.024,0.045,0.025,0.033,0.03,0.006,0.036,0.04,0.024,0.045,0.024,0.021,0.028,0.038,0.038,0.056,0.05,0.05,0.05,0.049,0.049,0.049,0.05,0.048,0.05

>n370540
0.036,0.022,0.036,0.031,0.031,0.032,0.009,0.037,0.032,0.025,0.036,0.026,0.026,0.029,0.039,0.052,0.058,0.05,0.05,0.05,0.048,0.049,0.049,0.049,0.048,0.05

>n370542
0.066,0.032,0.033,0.042,0.041,0.033,0.002,0.045,0.036,0.018,0.015,0.017,0.03,0.038,0.036,0.075,0.049,0.047,0.043,0.045,0.04,0.045,0.044,0.045,0.044,0.042

>n370571
0.049,0.026,0.037,0.039,0.038,0.03,0.002,0.035,0.035,0.022,0.028,0.025,0.029,0.027,0.042,0.059,0.054,0.048,0.048,0.047,0.047,0.047,0.046,0.048,0.046,0.047

>n370574
0.045,0.024,0.034,0.042,0.036,0.022,0.004,0.037,0.032,0.022,0.026,0.026,0.033,0.031,0.042,0.066,0.056,0.048,0.048,0.047,0.048,0.046,0.047,0.046,0.049,0.045

>n370585
0.027,0.026,0.026,0.023,0.034,0.041,0.016,0.045,0.025,0.03,0.028,0.024,0.016,0.038,0.037,0.033,0.063,0.052,0.053,0.052,0.052,0.05,0.051,0.052,0.053,0.052

>n370618
0.033,0.025,0.035,0.026,0.036,0.038,0.01,0.041,0.027,0.028,0.029,0.029,0.022,0.034,0.04,0.04,0.06,0.05,0.05,0.05,0.05,0.048,0.05,0.049,0.05,0.05

>n370698
0.048,0.024,0.033,0.039,0.036,0.015,0.004,0.034,0.032,0.024,0.023,0.028,0.028,0.025,0.047,0.072,0.057,0.05,0.047,0.048,0.047,0.049,0.047,0.049,0.046,0.047

>n370709
0.034,0.021,0.036,0.022,0.022,0.024,0.017,0.035,0.032,0.028,0.039,0.024,0.025,0.025,0.031,0.042,0.065,0.051,0.055,0.053,0.052,0.055,0.05,0.056,0.051,0.056

>n370725
0.064,0.029,0.035,0.047,0.036,0.02,0.003,0.032,0.035,0.015,0.023,0.027,0.041,0.027,0.039,0.05,0.056,0.048,0.046,0.048,0.045,0.045,0.048,0.047,0.047,0.047

>n370849
0.047,0.031,0.032,0.044,0.034,0.031,0.004,0.048,0.038,0.019,0.013,0.025,0.035,0.037,0.045,0.048,0.057,0.046,0.046,0.044,0.046,0.045,0.047,0.044,0.05,0.044

>n370880
0.018,0.025,0.034,0.019,0.039,0.054,0.011,0.046,0.027,0.033,0.037,0.023,0.011,0.038,0.039,0.036,0.059,0.052,0.05,0.051,0.05,0.049,0.05,0.05,0.05,0.048

>n370923
0.014,0.008,0.039,0.014,0.021,0.024,0.008,0.026,0.017,0.037,0.037,0.069,0.023,0.01,0.076,0.024,0.073,0.049,0.053,0.054,0.06,0.049,0.057,0.052,0.056,0.052

>n370930
0.047,0.024,0.038,0.043,0.03,0.018,0.005,0.032,0.035,0.019,0.023,0.034,0.04,0.024,0.044,0.052,0.06,0.047,0.049,0.047,0.048,0.048,0.048,0.049,0.047,0.048

>n370995
0.041,0.023,0.037,0.034,0.025,0.022,0.012,0.028,0.035,0.023,0.034,0.028,0.034,0.019,0.037,0.047,0.062,0.05,0.052,0.051,0.05,0.052,0.051,0.049,0.051,0.052

>n371141
0.051,0.025,0.036,0.045,0.031,0.02,0.003,0.037,0.032,0.016,0.028,0.03,0.042,0.03,0.039,0.057,0.056,0.047,0.047,0.047,0.047,0.046,0.047,0.047,0.048,0.047

>n371176
0.014,0.02,0.036,0.011,0.032,0.052,0.019,0.035,0.029,0.039,0.054,0.021,0.006,0.026,0.035,0.018,0.064,0.059,0.052,0.054,0.055,0.054,0.055,0.054,0.052,0.056

>n371206
0.031,0.022,0.035,0.018,0.027,0.03,0.02,0.029,0.036,0.032,0.043,0.023,0.012,0.021,0.036,0.029,0.066,0.052,0.057,0.053,0.055,0.055,0.054,0.055,0.053,0.055

>n371225
0.025,0.016,0.027,0.021,0.024,0.021,0.01,0.041,0.02,0.023,0.047,0.037,0.02,0.037,0.042,0.075,0.059,0.054,0.047,0.049,0.051,0.048,0.051,0.05,0.052,0.054

>n371241
0.056,0.028,0.037,0.037,0.036,0.023,0.006,0.033,0.032,0.021,0.028,0.027,0.034,0.026,0.037,0.046,0.058,0.049,0.048,0.049,0.048,0.047,0.049,0.049,0.048,0.048

>n371273
0.049,0.025,0.038,0.031,0.04,0.023,0.005,0.034,0.031,0.026,0.027,0.029,0.024,0.027,0.043,0.053,0.059,0.047,0.051,0.047,0.05,0.047,0.05,0.047,0.049,0.049

>n371301
0.032,0.021,0.037,0.034,0.035,0.034,0.008,0.036,0.028,0.029,0.026,0.03,0.028,0.03,0.042,0.048,0.06,0.051,0.049,0.049,0.05,0.048,0.051,0.049,0.048,0.049

>n371342
0.028,0.024,0.023,0.04,0.027,0.049,0.014,0.043,0.027,0.024,0.019,0.021,0.034,0.037,0.034,0.052,0.06,0.05,0.05,0.052,0.047,0.048,0.049,0.048,0.051,0.048

>n371453
0.044,0.018,0.035,0.03,0.028,0.033,0.015,0.029,0.029,0.03,0.047,0.019,0.026,0.024,0.028,0.038,0.061,0.054,0.048,0.054,0.052,0.052,0.053,0.052,0.051,0.052

>n371524
0.058,0.028,0.03,0.046,0.036,0.022,0.003,0.037,0.025,0.019,0.018,0.028,0.043,0.03,0.038,0.062,0.057,0.046,0.048,0.046,0.047,0.047,0.047,0.046,0.047,0.047

>n371552
0.049,0.026,0.036,0.045,0.034,0.019,0.003,0.038,0.033,0.021,0.026,0.026,0.04,0.028,0.04,0.052,0.057,0.047,0.048,0.047,0.049,0.046,0.048,0.047,0.048,0.047

>n371587
0.037,0.027,0.04,0.035,0.04,0.044,0.006,0.04,0.043,0.023,0.029,0.027,0.018,0.036,0.047,0.024,0.058,0.048,0.047,0.048,0.047,0.047,0.049,0.046,0.048,0.048

>n371665
0.057,0.026,0.034,0.035,0.03,0.03,0.011,0.031,0.034,0.02,0.03,0.024,0.031,0.027,0.032,0.046,0.059,0.051,0.049,0.051,0.048,0.049,0.048,0.049,0.051,0.049

>n371667
0.014,0.025,0.037,0.011,0.044,0.069,0.016,0.048,0.021,0.045,0.032,0.015,0.009,0.037,0.029,0.019,0.063,0.055,0.052,0.05,0.054,0.047,0.052,0.053,0.053,0.049

>n371670
0.032,0.03,0.038,0.023,0.046,0.047,0.01,0.037,0.032,0.035,0.032,0.019,0.012,0.027,0.039,0.027,0.06,0.053,0.048,0.051,0.052,0.048,0.05,0.053,0.047,0.052

>n371672
0.03,0.029,0.033,0.022,0.037,0.052,0.015,0.039,0.032,0.03,0.026,0.022,0.016,0.032,0.036,0.032,0.061,0.052,0.051,0.049,0.051,0.049,0.051,0.05,0.05,0.052

>n371673
0.037,0.027,0.042,0.025,0.041,0.039,0.006,0.046,0.034,0.029,0.031,0.023,0.018,0.036,0.039,0.035,0.057,0.05,0.049,0.048,0.048,0.047,0.047,0.049,0.048,0.048

>n371680
0.071,0.025,0.034,0.05,0.036,0.016,0.003,0.03,0.034,0.019,0.015,0.03,0.04,0.025,0.045,0.052,0.058,0.047,0.045,0.047,0.047,0.046,0.046,0.048,0.045,0.047

>n371684
0.05,0.031,0.036,0.04,0.043,0.038,0.004,0.042,0.034,0.021,0.02,0.02,0.03,0.036,0.036,0.048,0.054,0.048,0.046,0.046,0.046,0.045,0.045,0.046,0.046,0.046

>n371761
0.029,0.031,0.031,0.037,0.04,0.039,0.004,0.047,0.029,0.026,0.029,0.022,0.03,0.033,0.043,0.042,0.058,0.049,0.048,0.048,0.049,0.047,0.047,0.049,0.048,0.049

>n371778
0.063,0.036,0.045,0.04,0.046,0.022,0.001,0.045,0.041,0.019,0.011,0.022,0.033,0.038,0.036,0.044,0.054,0.045,0.043,0.046,0.046,0.045,0.046,0.043,0.046,0.044

>n371814
0.039,0.026,0.041,0.026,0.037,0.024,0.01,0.03,0.034,0.029,0.034,0.031,0.021,0.023,0.042,0.03,0.063,0.051,0.051,0.051,0.051,0.051,0.052,0.05,0.052,0.051

>n371891
0.041,0.028,0.033,0.038,0.039,0.027,0.004,0.039,0.025,0.023,0.027,0.028,0.035,0.031,0.039,0.054,0.058,0.048,0.05,0.047,0.048,0.046,0.049,0.047,0.047,0.048

>n371907
0.049,0.026,0.037,0.027,0.032,0.027,0.006,0.039,0.041,0.019,0.027,0.029,0.016,0.032,0.046,0.07,0.053,0.051,0.045,0.049,0.048,0.044,0.047,0.049,0.045,0.047

>n371910
0.06,0.023,0.036,0.035,0.023,0.02,0.01,0.031,0.03,0.019,0.021,0.031,0.041,0.023,0.033,0.059,0.06,0.052,0.047,0.05,0.05,0.051,0.048,0.049,0.047,0.049

>n371912
0.043,0.026,0.043,0.034,0.034,0.021,0.01,0.03,0.046,0.025,0.032,0.024,0.024,0.024,0.04,0.03,0.062,0.05,0.051,0.048,0.051,0.05,0.05,0.051,0.05,0.05

>n371915
0.041,0.027,0.039,0.03,0.029,0.032,0.011,0.042,0.038,0.018,0.032,0.02,0.03,0.036,0.026,0.052,0.057,0.05,0.047,0.051,0.049,0.051,0.049,0.047,0.048,0.05

>n371934
0.018,0.031,0.029,0.02,0.041,0.053,0.014,0.038,0.026,0.031,0.041,0.022,0.012,0.03,0.037,0.026,0.062,0.053,0.053,0.053,0.052,0.05,0.054,0.05,0.053,0.052

>n371938
0.067,0.045,0.045,0.028,0.061,0.042,0.008,0.023,0.034,0.026,0.024,0.012,0.023,0.02,0.02,0.02,0.058,0.053,0.045,0.051,0.047,0.049,0.049,0.05,0.047,0.051

>n372019
0.06,0.028,0.032,0.055,0.035,0.022,0.002,0.036,0.031,0.017,0.018,0.024,0.049,0.029,0.038,0.053,0.057,0.046,0.046,0.048,0.044,0.047,0.046,0.046,0.045,0.046

>n372030
0.045,0.031,0.032,0.031,0.039,0.037,0.006,0.041,0.026,0.023,0.03,0.026,0.029,0.032,0.037,0.043,0.058,0.048,0.049,0.049,0.049,0.048,0.048,0.049,0.048,0.048

>n372080
0.032,0.021,0.041,0.024,0.039,0.041,0.008,0.037,0.031,0.03,0.041,0.025,0.017,0.032,0.037,0.034,0.058,0.051,0.051,0.051,0.049,0.049,0.049,0.05,0.051,0.05

>n372205
0.037,0.029,0.03,0.027,0.038,0.033,0.011,0.044,0.025,0.026,0.024,0.024,0.023,0.037,0.035,0.051,0.059,0.051,0.05,0.051,0.049,0.048,0.048,0.051,0.049,0.049

>n372291
0.06,0.025,0.033,0.052,0.032,0.023,0.002,0.042,0.034,0.017,0.018,0.026,0.043,0.034,0.042,0.05,0.055,0.046,0.046,0.047,0.044,0.047,0.045,0.046,0.044,0.046

>n372317
0.067,0.022,0.029,0.056,0.025,0.011,0.002,0.035,0.032,0.013,0.013,0.033,0.049,0.027,0.047,0.075,0.054,0.048,0.044,0.048,0.045,0.045,0.045,0.045,0.045,0.045

>n372336
0.033,0.015,0.027,0.042,0.023,0.059,0.012,0.027,0.041,0.02,0.023,0.044,0.02,0.026,0.066,0.026,0.064,0.046,0.051,0.045,0.053,0.041,0.054,0.044,0.049,0.048

>n372403
0.032,0.021,0.056,0.017,0.04,0.036,0.013,0.027,0.045,0.038,0.046,0.018,0.009,0.022,0.032,0.02,0.061,0.052,0.054,0.053,0.053,0.049,0.054,0.05,0.052,0.051

>n372462
0.031,0.027,0.042,0.018,0.039,0.036,0.007,0.038,0.029,0.028,0.027,0.029,0.019,0.029,0.037,0.071,0.058,0.048,0.05,0.049,0.048,0.047,0.049,0.052,0.046,0.048

>n372503
0.056,0.026,0.038,0.04,0.034,0.02,0.004,0.035,0.04,0.017,0.029,0.031,0.029,0.032,0.046,0.044,0.056,0.047,0.048,0.046,0.048,0.046,0.046,0.048,0.047,0.045

>n372524
0.05,0.026,0.049,0.022,0.041,0.03,0.009,0.031,0.039,0.025,0.039,0.027,0.018,0.028,0.034,0.022,0.059,0.052,0.049,0.051,0.05,0.05,0.05,0.049,0.049,0.051

>n372533
0.034,0.027,0.032,0.024,0.038,0.028,0.005,0.054,0.026,0.031,0.03,0.025,0.019,0.04,0.044,0.048,0.058,0.049,0.052,0.046,0.051,0.046,0.052,0.046,0.049,0.046

>n372578
0.055,0.022,0.043,0.037,0.03,0.018,0.005,0.028,0.035,0.019,0.031,0.035,0.036,0.023,0.041,0.048,0.058,0.049,0.048,0.049,0.05,0.046,0.049,0.048,0.048,0.048

>n372614
0.062,0.023,0.039,0.035,0.034,0.019,0.005,0.034,0.038,0.023,0.027,0.027,0.026,0.026,0.045,0.053,0.056,0.048,0.047,0.048,0.047,0.046,0.049,0.047,0.047,0.048

>n372674
0.047,0.023,0.044,0.037,0.038,0.023,0.004,0.034,0.037,0.025,0.031,0.027,0.029,0.028,0.04,0.043,0.057,0.049,0.049,0.048,0.049,0.047,0.048,0.048,0.048,0.048

>n372685
0.048,0.033,0.034,0.025,0.04,0.021,0.002,0.048,0.031,0.021,0.034,0.023,0.021,0.037,0.04,0.054,0.053,0.049,0.049,0.048,0.047,0.048,0.048,0.049,0.051,0.046

>n372718
0.049,0.026,0.037,0.043,0.033,0.02,0.002,0.032,0.033,0.015,0.028,0.029,0.04,0.026,0.038,0.07,0.055,0.049,0.047,0.047,0.046,0.047,0.048,0.046,0.048,0.046

>n372725
0.036,0.025,0.037,0.024,0.036,0.051,0.012,0.033,0.038,0.029,0.034,0.022,0.012,0.028,0.04,0.038,0.058,0.054,0.05,0.05,0.049,0.046,0.05,0.047,0.052,0.05

>n372769
0.049,0.024,0.027,0.05,0.033,0.023,0.002,0.04,0.026,0.015,0.016,0.028,0.043,0.037,0.039,0.087,0.054,0.046,0.046,0.045,0.045,0.046,0.045,0.046,0.045,0.045

>n372786
0.041,0.023,0.039,0.032,0.035,0.029,0.011,0.037,0.032,0.026,0.023,0.028,0.026,0.034,0.037,0.045,0.06,0.05,0.051,0.049,0.049,0.047,0.051,0.049,0.049,0.048

>n372815
0.046,0.026,0.037,0.042,0.034,0.031,0.003,0.039,0.035,0.017,0.025,0.027,0.036,0.034,0.038,0.054,0.055,0.05,0.045,0.047,0.048,0.046,0.045,0.046,0.046,0.046

>n372903
0.058,0.025,0.035,0.051,0.035,0.017,0.003,0.038,0.039,0.014,0.018,0.022,0.037,0.038,0.037,0.075,0.052,0.047,0.045,0.046,0.045,0.044,0.045,0.046,0.045,0.044

>n372916
0.036,0.029,0.035,0.032,0.043,0.045,0.009,0.039,0.027,0.029,0.022,0.021,0.027,0.034,0.032,0.041,0.06,0.05,0.048,0.049,0.048,0.049,0.05,0.048,0.047,0.049

>n372935
0.037,0.024,0.043,0.031,0.027,0.03,0.009,0.035,0.043,0.022,0.03,0.03,0.028,0.024,0.043,0.039,0.06,0.051,0.05,0.048,0.049,0.048,0.05,0.048,0.051,0.05

>n372944
0.03,0.023,0.039,0.026,0.034,0.037,0.01,0.039,0.033,0.032,0.038,0.022,0.02,0.029,0.038,0.035,0.061,0.051,0.051,0.05,0.051,0.049,0.05,0.051,0.05,0.05

>n372953
0.043,0.025,0.042,0.027,0.037,0.033,0.006,0.04,0.034,0.028,0.034,0.025,0.023,0.03,0.038,0.042,0.058,0.049,0.049,0.049,0.049,0.046,0.05,0.047,0.049,0.048

>n372986
0.058,0.024,0.044,0.039,0.036,0.023,0.003,0.035,0.043,0.02,0.023,0.026,0.029,0.03,0.042,0.05,0.056,0.048,0.044,0.048,0.047,0.046,0.048,0.046,0.045,0.046

>n372987
0.056,0.023,0.037,0.047,0.03,0.015,0.003,0.036,0.033,0.02,0.025,0.025,0.044,0.026,0.038,0.061,0.057,0.047,0.048,0.047,0.049,0.045,0.047,0.046,0.047,0.048

>n372993
0.046,0.029,0.038,0.033,0.042,0.032,0.004,0.035,0.031,0.018,0.033,0.029,0.027,0.035,0.035,0.047,0.057,0.047,0.048,0.048,0.046,0.049,0.047,0.047,0.048,0.048

>n373241
0.044,0.027,0.038,0.036,0.039,0.025,0.002,0.038,0.033,0.023,0.034,0.027,0.029,0.029,0.042,0.046,0.057,0.048,0.048,0.049,0.048,0.047,0.048,0.047,0.049,0.047

>n373361
0.022,0.021,0.034,0.029,0.033,0.037,0.014,0.039,0.029,0.032,0.034,0.026,0.022,0.032,0.039,0.032,0.064,0.05,0.054,0.051,0.052,0.051,0.052,0.051,0.052,0.05

>n373434
0.043,0.023,0.05,0.025,0.041,0.03,0.005,0.035,0.047,0.027,0.041,0.022,0.011,0.03,0.041,0.035,0.055,0.049,0.049,0.049,0.051,0.045,0.048,0.049,0.049,0.048

>n373555
0.042,0.027,0.032,0.046,0.028,0.02,0.003,0.038,0.034,0.015,0.03,0.029,0.042,0.028,0.042,0.063,0.055,0.049,0.049,0.046,0.048,0.045,0.047,0.045,0.049,0.048

>n373563
0.06,0.028,0.038,0.042,0.042,0.022,0.006,0.029,0.032,0.024,0.022,0.024,0.034,0.025,0.037,0.044,0.059,0.048,0.048,0.049,0.049,0.046,0.048,0.049,0.047,0.047

>n373575
0.053,0.025,0.035,0.034,0.029,0.025,0.011,0.033,0.034,0.023,0.028,0.025,0.031,0.026,0.034,0.046,0.06,0.051,0.049,0.052,0.051,0.048,0.05,0.049,0.05,0.049

>n373685
0.057,0.02,0.041,0.037,0.03,0.02,0.007,0.039,0.041,0.025,0.032,0.026,0.027,0.031,0.044,0.028,0.057,0.048,0.05,0.049,0.05,0.047,0.049,0.05,0.049,0.05

>n373706
0.047,0.02,0.04,0.031,0.032,0.025,0.009,0.031,0.037,0.029,0.041,0.024,0.023,0.022,0.04,0.035,0.06,0.051,0.05,0.051,0.05,0.049,0.052,0.049,0.051,0.05

>n373758
0.037,0.025,0.032,0.043,0.035,0.011,0.001,0.034,0.038,0.019,0.034,0.03,0.026,0.026,0.055,0.063,0.055,0.051,0.05,0.048,0.046,0.046,0.047,0.049,0.047,0.05

>n373787
0.061,0.027,0.032,0.038,0.04,0.023,0.004,0.037,0.024,0.024,0.024,0.028,0.035,0.03,0.039,0.047,0.058,0.048,0.047,0.049,0.048,0.045,0.049,0.048,0.047,0.047

>n373788
0.066,0.028,0.035,0.045,0.04,0.021,0.003,0.033,0.028,0.021,0.02,0.026,0.041,0.028,0.036,0.054,0.057,0.047,0.046,0.047,0.047,0.044,0.047,0.048,0.046,0.046

>n373790
0.055,0.022,0.029,0.052,0.033,0.021,0.003,0.036,0.023,0.019,0.017,0.029,0.048,0.03,0.038,0.074,0.056,0.046,0.047,0.047,0.047,0.044,0.047,0.047,0.045,0.046

>n373804
0.069,0.025,0.028,0.068,0.034,0.015,0.002,0.028,0.026,0.011,0.012,0.024,0.061,0.028,0.032,0.081,0.054,0.044,0.045,0.045,0.045,0.043,0.044,0.045,0.045,0.046

>n373805
0.063,0.025,0.028,0.059,0.033,0.016,0.003,0.031,0.026,0.015,0.016,0.027,0.052,0.027,0.037,0.074,0.056,0.045,0.047,0.045,0.047,0.045,0.046,0.046,0.045,0.046

>n373865
0.055,0.025,0.042,0.038,0.043,0.032,0.004,0.031,0.039,0.021,0.035,0.024,0.023,0.032,0.039,0.033,0.056,0.049,0.047,0.047,0.049,0.048,0.046,0.046,0.049,0.046

>n373886
0.028,0.018,0.039,0.04,0.039,0.024,0.003,0.035,0.028,0.028,0.042,0.029,0.03,0.031,0.043,0.048,0.058,0.048,0.05,0.05,0.048,0.048,0.049,0.05,0.047,0.048

>n373943
0.035,0.027,0.042,0.024,0.041,0.04,0.016,0.031,0.031,0.035,0.031,0.019,0.02,0.027,0.028,0.025,0.063,0.054,0.051,0.052,0.053,0.05,0.052,0.053,0.051,0.05

>n373957
0.036,0.027,0.038,0.026,0.039,0.03,0.008,0.032,0.034,0.027,0.041,0.027,0.018,0.026,0.041,0.032,0.06,0.052,0.051,0.052,0.051,0.05,0.051,0.05,0.05,0.051

>n374027
0.041,0.017,0.024,0.031,0.031,0.048,0.019,0.029,0.033,0.026,0.045,0.022,0.01,0.035,0.038,0.022,0.06,0.055,0.048,0.054,0.05,0.051,0.053,0.048,0.053,0.055

>n374061
0.044,0.023,0.043,0.032,0.038,0.034,0.009,0.038,0.038,0.028,0.029,0.022,0.022,0.035,0.035,0.038,0.058,0.05,0.049,0.05,0.048,0.048,0.048,0.048,0.049,0.047

>n374109
0.037,0.024,0.041,0.039,0.041,0.028,0.002,0.037,0.032,0.022,0.026,0.034,0.03,0.034,0.047,0.041,0.058,0.046,0.05,0.044,0.053,0.039,0.052,0.046,0.051,0.046

>n374138
0.039,0.022,0.029,0.038,0.039,0.026,0.001,0.044,0.023,0.019,0.034,0.035,0.028,0.044,0.045,0.054,0.056,0.047,0.046,0.052,0.047,0.046,0.05,0.042,0.047,0.046

>n374240
0.024,0.024,0.029,0.026,0.036,0.036,0.009,0.044,0.026,0.029,0.031,0.03,0.017,0.036,0.047,0.048,0.06,0.051,0.051,0.049,0.051,0.048,0.051,0.048,0.049,0.051

>n374487
0.029,0.024,0.039,0.03,0.036,0.033,0.01,0.034,0.036,0.023,0.041,0.026,0.021,0.032,0.037,0.039,0.059,0.051,0.05,0.05,0.052,0.048,0.05,0.051,0.049,0.05

>n374497
0.043,0.028,0.037,0.032,0.041,0.031,0.006,0.038,0.031,0.027,0.031,0.024,0.025,0.03,0.039,0.034,0.059,0.049,0.049,0.05,0.049,0.048,0.049,0.05,0.049,0.048

>n374499
0.042,0.027,0.035,0.034,0.037,0.026,0.005,0.04,0.026,0.026,0.028,0.027,0.033,0.03,0.037,0.052,0.058,0.05,0.049,0.049,0.047,0.048,0.05,0.048,0.048,0.049

>n374520
0.05,0.026,0.035,0.039,0.036,0.025,0.004,0.037,0.029,0.021,0.025,0.027,0.035,0.029,0.038,0.063,0.056,0.048,0.047,0.048,0.048,0.046,0.049,0.045,0.048,0.047

>n374530
0.05,0.024,0.037,0.042,0.035,0.024,0.003,0.036,0.03,0.021,0.024,0.028,0.037,0.029,0.039,0.058,0.057,0.048,0.048,0.047,0.047,0.047,0.048,0.047,0.046,0.048

>n374534
0.044,0.02,0.039,0.037,0.033,0.026,0.004,0.036,0.031,0.026,0.028,0.031,0.031,0.028,0.045,0.05,0.058,0.049,0.048,0.048,0.048,0.048,0.048,0.048,0.048,0.049

>n374536
0.004,0.022,0.016,0.01,0.022,0.089,0.006,0.07,0.015,0.054,0.038,0.02,0.01,0.022,0.066,0.02,0.06,0.056,0.05,0.055,0.044,0.042,0.053,0.052,0.052,0.051

>n374538
0.055,0.018,0.052,0.028,0.03,0.018,0.01,0.018,0.061,0.028,0.041,0.024,0.01,0.011,0.05,0.028,0.057,0.05,0.053,0.053,0.051,0.05,0.047,0.051,0.046,0.057

>n374604
0.028,0.024,0.042,0.021,0.039,0.055,0.009,0.046,0.033,0.034,0.033,0.021,0.014,0.036,0.038,0.028,0.059,0.052,0.05,0.048,0.049,0.047,0.047,0.05,0.049,0.048

>n374607
0.053,0.024,0.036,0.042,0.033,0.022,0.004,0.036,0.03,0.02,0.023,0.029,0.04,0.028,0.039,0.06,0.056,0.047,0.048,0.048,0.047,0.047,0.047,0.048,0.047,0.047

>n374652
0.06,0.026,0.037,0.032,0.039,0.029,0.008,0.034,0.032,0.026,0.029,0.022,0.024,0.029,0.035,0.041,0.059,0.049,0.048,0.049,0.049,0.046,0.051,0.048,0.049,0.048

>n374660
0.037,0.018,0.048,0.032,0.032,0.023,0.006,0.034,0.033,0.023,0.036,0.034,0.033,0.03,0.037,0.046,0.06,0.049,0.051,0.047,0.048,0.048,0.049,0.05,0.047,0.05

>n374751
0.061,0.029,0.036,0.041,0.04,0.024,0.004,0.036,0.028,0.021,0.022,0.025,0.038,0.029,0.033,0.052,0.057,0.048,0.048,0.048,0.047,0.047,0.047,0.048,0.047,0.046

>n374798
0.044,0.025,0.036,0.033,0.036,0.03,0.007,0.039,0.03,0.026,0.031,0.025,0.029,0.03,0.038,0.04,0.059,0.049,0.049,0.05,0.049,0.048,0.049,0.049,0.048,0.05

>n374801
0.043,0.028,0.033,0.033,0.038,0.036,0.01,0.035,0.034,0.025,0.038,0.018,0.021,0.03,0.034,0.033,0.057,0.051,0.052,0.051,0.051,0.051,0.049,0.05,0.048,0.052

>n374890
0.051,0.023,0.034,0.048,0.033,0.018,0.004,0.032,0.031,0.017,0.021,0.032,0.042,0.029,0.041,0.063,0.057,0.047,0.047,0.048,0.047,0.047,0.047,0.047,0.047,0.047

>n375021
0.032,0.026,0.034,0.02,0.034,0.04,0.013,0.041,0.035,0.03,0.039,0.022,0.011,0.032,0.039,0.033,0.06,0.054,0.05,0.053,0.051,0.05,0.05,0.052,0.05,0.05

>n375063
0.032,0.026,0.041,0.028,0.041,0.032,0.006,0.036,0.034,0.029,0.036,0.026,0.02,0.029,0.041,0.035,0.059,0.05,0.051,0.049,0.051,0.049,0.049,0.05,0.05,0.049

>n375097
0.041,0.024,0.025,0.027,0.03,0.034,0.015,0.046,0.029,0.027,0.024,0.02,0.016,0.039,0.036,0.062,0.058,0.052,0.048,0.053,0.048,0.048,0.049,0.05,0.05,0.048

>n375209
0.051,0.025,0.032,0.028,0.033,0.028,0.011,0.038,0.025,0.029,0.029,0.024,0.028,0.029,0.034,0.044,0.06,0.052,0.049,0.052,0.049,0.049,0.051,0.05,0.049,0.049

>n375212
0.047,0.018,0.037,0.038,0.03,0.018,0.004,0.031,0.031,0.02,0.039,0.031,0.03,0.027,0.043,0.057,0.056,0.052,0.049,0.049,0.05,0.047,0.051,0.049,0.049,0.049

>n375243
0.051,0.018,0.035,0.038,0.029,0.016,0.003,0.041,0.033,0.017,0.024,0.037,0.03,0.038,0.047,0.071,0.054,0.047,0.048,0.045,0.047,0.046,0.049,0.046,0.047,0.044

>n375244
0.005,0.02,0.03,0.007,0.024,0.045,0.023,0.039,0.026,0.049,0.045,0.023,0.007,0.017,0.045,0.01,0.072,0.063,0.052,0.06,0.058,0.048,0.059,0.06,0.053,0.061

>n375266
0.055,0.026,0.032,0.045,0.033,0.017,0.006,0.033,0.029,0.018,0.019,0.028,0.041,0.027,0.037,0.067,0.058,0.048,0.049,0.048,0.048,0.046,0.048,0.048,0.048,0.047

>n375267
0.057,0.022,0.035,0.05,0.031,0.021,0.001,0.037,0.035,0.015,0.025,0.028,0.042,0.032,0.041,0.062,0.054,0.047,0.046,0.046,0.046,0.046,0.046,0.044,0.046,0.045

>n375270
0.02,0.008,0.026,0.017,0.019,0.045,0.036,0.022,0.017,0.05,0.035,0.02,0.016,0.02,0.023,0.02,0.078,0.061,0.058,0.055,0.064,0.056,0.059,0.061,0.056,0.059

>n375299
0.047,0.025,0.043,0.032,0.037,0.023,0.005,0.031,0.036,0.025,0.037,0.027,0.027,0.023,0.04,0.04,0.058,0.05,0.048,0.05,0.049,0.048,0.049,0.049,0.049,0.049

>n375318
0.023,0.019,0.039,0.015,0.033,0.048,0.012,0.029,0.035,0.032,0.042,0.041,0.007,0.024,0.055,0.025,0.065,0.049,0.055,0.048,0.058,0.043,0.054,0.048,0.055,0.048

>n375340
0.0,0.0,0.003,0.017,0.002,0.0,0.007,0.003,0.007,0.01,0.019,0.154,0.014,0.002,0.159,0.025,0.089,0.032,0.071,0.046,0.054,0.064,0.041,0.075,0.028,0.08

>n375390
0.014,0.016,0.028,0.01,0.023,0.046,0.031,0.027,0.023,0.045,0.048,0.02,0.008,0.02,0.028,0.015,0.073,0.061,0.06,0.058,0.063,0.054,0.06,0.056,0.054,0.059

>n375399
0.047,0.025,0.035,0.025,0.033,0.036,0.018,0.032,0.035,0.03,0.03,0.021,0.016,0.028,0.034,0.029,0.063,0.052,0.053,0.053,0.051,0.051,0.052,0.052,0.05,0.051

>n375457
0.016,0.018,0.034,0.009,0.033,0.056,0.023,0.036,0.023,0.048,0.048,0.015,0.005,0.026,0.029,0.011,0.069,0.056,0.056,0.056,0.056,0.054,0.056,0.057,0.056,0.052

>n375459
0.029,0.019,0.044,0.022,0.038,0.035,0.006,0.04,0.03,0.027,0.044,0.033,0.018,0.037,0.041,0.034,0.058,0.053,0.048,0.051,0.05,0.05,0.047,0.049,0.049,0.051

>n375462
0.041,0.022,0.037,0.03,0.035,0.029,0.008,0.037,0.034,0.025,0.038,0.028,0.021,0.032,0.042,0.039,0.058,0.051,0.05,0.049,0.05,0.048,0.05,0.049,0.049,0.047

>n375473
0.043,0.027,0.03,0.035,0.036,0.037,0.005,0.052,0.023,0.024,0.022,0.025,0.034,0.042,0.036,0.048,0.057,0.049,0.047,0.048,0.047,0.047,0.045,0.048,0.047,0.048

>n375477
0.041,0.023,0.037,0.035,0.031,0.025,0.004,0.039,0.033,0.019,0.03,0.03,0.031,0.032,0.041,0.068,0.055,0.049,0.048,0.048,0.047,0.047,0.047,0.047,0.047,0.048

>n375478
0.042,0.023,0.038,0.034,0.031,0.025,0.003,0.041,0.031,0.019,0.031,0.031,0.032,0.033,0.041,0.06,0.055,0.048,0.048,0.048,0.048,0.048,0.047,0.048,0.047,0.049

>n375522
0.036,0.025,0.038,0.022,0.033,0.033,0.012,0.038,0.033,0.031,0.041,0.023,0.018,0.027,0.037,0.028,0.062,0.052,0.052,0.052,0.052,0.051,0.052,0.051,0.05,0.053

>n375526
0.025,0.019,0.028,0.007,0.024,0.055,0.036,0.031,0.025,0.043,0.036,0.014,0.005,0.03,0.019,0.012,0.075,0.058,0.054,0.059,0.057,0.055,0.057,0.058,0.057,0.058

>n375577
0.049,0.023,0.037,0.039,0.034,0.025,0.005,0.033,0.032,0.023,0.027,0.029,0.034,0.026,0.041,0.053,0.058,0.048,0.049,0.049,0.047,0.047,0.049,0.048,0.048,0.047

>n375578
0.032,0.028,0.025,0.041,0.03,0.021,0.005,0.036,0.027,0.018,0.023,0.035,0.038,0.025,0.049,0.071,0.06,0.047,0.051,0.045,0.051,0.048,0.049,0.047,0.049,0.048

>n375603
0.025,0.02,0.028,0.021,0.028,0.025,0.009,0.037,0.024,0.015,0.033,0.042,0.018,0.038,0.044,0.106,0.056,0.048,0.047,0.048,0.05,0.047,0.05,0.046,0.047,0.048

>n375625
0.034,0.025,0.032,0.037,0.037,0.035,0.006,0.039,0.027,0.023,0.029,0.023,0.03,0.034,0.036,0.067,0.056,0.049,0.048,0.048,0.048,0.047,0.048,0.047,0.047,0.048

>n375630
0.052,0.025,0.036,0.043,0.034,0.022,0.006,0.032,0.031,0.021,0.024,0.028,0.038,0.027,0.038,0.051,0.059,0.049,0.048,0.049,0.049,0.046,0.05,0.047,0.048,0.047

>n375659
0.014,0.025,0.03,0.016,0.033,0.048,0.015,0.039,0.025,0.035,0.041,0.024,0.014,0.027,0.038,0.039,0.062,0.057,0.053,0.053,0.054,0.051,0.052,0.054,0.051,0.052

>n375683
0.072,0.026,0.03,0.033,0.035,0.044,0.012,0.032,0.04,0.024,0.027,0.017,0.014,0.029,0.038,0.026,0.055,0.051,0.05,0.048,0.052,0.05,0.049,0.047,0.049,0.05

>n375703
0.026,0.024,0.035,0.015,0.032,0.036,0.016,0.04,0.029,0.035,0.044,0.02,0.014,0.03,0.032,0.029,0.065,0.053,0.054,0.055,0.053,0.052,0.052,0.054,0.052,0.054

>n375715
0.027,0.021,0.036,0.022,0.03,0.036,0.014,0.041,0.03,0.03,0.039,0.027,0.018,0.034,0.039,0.038,0.061,0.052,0.052,0.051,0.052,0.049,0.052,0.049,0.051,0.05

>n375744
0.022,0.025,0.028,0.015,0.035,0.046,0.01,0.038,0.027,0.028,0.063,0.028,0.006,0.031,0.044,0.025,0.058,0.054,0.056,0.05,0.05,0.052,0.055,0.053,0.047,0.056

>n375745
0.012,0.019,0.023,0.009,0.022,0.05,0.031,0.027,0.024,0.039,0.054,0.023,0.005,0.023,0.03,0.012,0.071,0.061,0.057,0.059,0.056,0.059,0.06,0.057,0.057,0.059

>n375746
0.013,0.018,0.024,0.01,0.023,0.051,0.03,0.027,0.024,0.038,0.052,0.023,0.006,0.024,0.03,0.014,0.071,0.061,0.057,0.058,0.056,0.058,0.06,0.056,0.057,0.058

>n375747
0.016,0.018,0.031,0.011,0.026,0.048,0.023,0.031,0.029,0.038,0.06,0.022,0.005,0.024,0.036,0.014,0.065,0.06,0.058,0.054,0.054,0.053,0.058,0.052,0.055,0.058

>n375748
0.017,0.016,0.03,0.008,0.02,0.057,0.033,0.025,0.031,0.044,0.058,0.014,0.003,0.018,0.026,0.009,0.07,0.061,0.062,0.056,0.059,0.055,0.059,0.056,0.059,0.056

>n375802
0.011,0.022,0.031,0.007,0.025,0.044,0.033,0.023,0.03,0.042,0.059,0.013,0.006,0.015,0.023,0.014,0.073,0.057,0.063,0.058,0.061,0.055,0.061,0.057,0.059,0.06

>n375854
0.022,0.026,0.037,0.017,0.037,0.043,0.014,0.033,0.035,0.032,0.049,0.022,0.009,0.026,0.038,0.022,0.06,0.056,0.052,0.053,0.053,0.053,0.053,0.053,0.052,0.052

>n375857
0.058,0.028,0.031,0.046,0.033,0.018,0.004,0.034,0.032,0.018,0.021,0.029,0.041,0.025,0.043,0.054,0.057,0.047,0.048,0.048,0.047,0.049,0.047,0.047,0.047,0.048

>n375935
0.047,0.028,0.042,0.033,0.044,0.033,0.007,0.031,0.038,0.027,0.031,0.023,0.021,0.027,0.039,0.028,0.057,0.05,0.051,0.048,0.049,0.047,0.052,0.05,0.048,0.05

>n375968
0.045,0.027,0.046,0.037,0.042,0.026,0.002,0.038,0.046,0.019,0.023,0.026,0.022,0.037,0.043,0.054,0.054,0.047,0.045,0.048,0.044,0.046,0.044,0.047,0.045,0.047

>n376010
0.034,0.028,0.035,0.028,0.031,0.028,0.012,0.039,0.036,0.029,0.029,0.026,0.023,0.025,0.044,0.029,0.063,0.052,0.048,0.054,0.048,0.053,0.049,0.052,0.054,0.05

>n376049
0.064,0.027,0.036,0.042,0.036,0.02,0.003,0.034,0.029,0.019,0.021,0.028,0.039,0.027,0.038,0.059,0.056,0.047,0.048,0.047,0.048,0.045,0.047,0.046,0.048,0.046

>n376188
0.02,0.022,0.034,0.015,0.034,0.047,0.015,0.042,0.028,0.038,0.048,0.02,0.01,0.03,0.037,0.026,0.063,0.053,0.052,0.054,0.053,0.051,0.051,0.053,0.052,0.054

>n376189
0.03,0.025,0.025,0.035,0.031,0.03,0.011,0.036,0.023,0.025,0.022,0.029,0.031,0.028,0.041,0.067,0.063,0.05,0.05,0.051,0.049,0.05,0.052,0.048,0.05,0.05

>n376203
0.039,0.028,0.035,0.02,0.032,0.039,0.021,0.033,0.037,0.03,0.038,0.016,0.014,0.027,0.028,0.012,0.064,0.056,0.056,0.053,0.052,0.054,0.053,0.054,0.054,0.054

>n376207
0.032,0.022,0.027,0.026,0.026,0.027,0.016,0.033,0.03,0.024,0.031,0.037,0.018,0.03,0.049,0.035,0.064,0.054,0.053,0.052,0.053,0.053,0.051,0.053,0.055,0.051

>n376215
0.035,0.023,0.029,0.039,0.033,0.024,0.008,0.038,0.024,0.022,0.022,0.027,0.035,0.034,0.036,0.08,0.059,0.048,0.05,0.047,0.05,0.046,0.049,0.048,0.047,0.047

>n376248
0.052,0.016,0.028,0.057,0.027,0.019,0.007,0.028,0.034,0.018,0.022,0.03,0.042,0.027,0.046,0.054,0.057,0.053,0.048,0.047,0.05,0.05,0.044,0.047,0.048,0.045

>n376275
0.059,0.025,0.037,0.041,0.035,0.028,0.002,0.029,0.028,0.021,0.021,0.03,0.04,0.021,0.041,0.064,0.056,0.049,0.044,0.048,0.046,0.046,0.045,0.049,0.047,0.047

>n376313
0.057,0.02,0.041,0.035,0.036,0.027,0.006,0.037,0.037,0.028,0.029,0.021,0.023,0.031,0.039,0.047,0.056,0.049,0.045,0.05,0.047,0.045,0.05,0.047,0.047,0.049

>n376314
0.049,0.026,0.033,0.048,0.037,0.019,0.003,0.033,0.03,0.016,0.022,0.031,0.04,0.031,0.042,0.065,0.057,0.047,0.047,0.046,0.047,0.045,0.047,0.047,0.045,0.048

>n376336
0.025,0.02,0.031,0.025,0.02,0.023,0.015,0.033,0.038,0.023,0.033,0.041,0.018,0.026,0.056,0.037,0.064,0.052,0.053,0.053,0.052,0.052,0.052,0.051,0.055,0.052

>n376366
0.027,0.033,0.03,0.037,0.042,0.032,0.004,0.043,0.03,0.023,0.026,0.03,0.027,0.034,0.048,0.042,0.06,0.047,0.048,0.049,0.046,0.049,0.048,0.048,0.048,0.048

>n376380
0.035,0.03,0.027,0.025,0.036,0.03,0.014,0.04,0.029,0.029,0.029,0.022,0.016,0.032,0.039,0.043,0.063,0.052,0.052,0.05,0.051,0.052,0.053,0.05,0.049,0.052

>n376381
0.068,0.03,0.031,0.045,0.035,0.017,0.005,0.035,0.04,0.016,0.02,0.026,0.03,0.029,0.046,0.052,0.055,0.047,0.048,0.046,0.045,0.048,0.046,0.047,0.045,0.047

>n376384
0.035,0.033,0.026,0.026,0.036,0.033,0.013,0.04,0.03,0.027,0.029,0.023,0.019,0.029,0.04,0.036,0.064,0.051,0.052,0.05,0.052,0.05,0.053,0.05,0.051,0.051

>n376398
0.034,0.024,0.026,0.042,0.029,0.024,0.008,0.038,0.024,0.021,0.018,0.03,0.038,0.032,0.041,0.079,0.06,0.047,0.049,0.048,0.047,0.047,0.05,0.047,0.047,0.048

>n376402
0.001,0.0,0.028,0.006,0.023,0.018,0.012,0.024,0.006,0.012,0.082,0.087,0.005,0.047,0.065,0.009,0.069,0.05,0.071,0.064,0.064,0.056,0.051,0.035,0.06,0.056

>n376403
0.002,0.004,0.026,0.011,0.021,0.013,0.004,0.034,0.009,0.004,0.075,0.098,0.009,0.051,0.083,0.008,0.068,0.044,0.069,0.062,0.061,0.05,0.053,0.032,0.062,0.05

>n376411
0.03,0.028,0.033,0.019,0.034,0.033,0.019,0.031,0.033,0.034,0.042,0.016,0.013,0.021,0.032,0.024,0.065,0.056,0.055,0.053,0.057,0.053,0.054,0.055,0.054,0.054

>n376420
0.037,0.02,0.042,0.025,0.027,0.031,0.01,0.042,0.042,0.024,0.026,0.035,0.017,0.036,0.049,0.04,0.061,0.047,0.051,0.048,0.05,0.046,0.05,0.047,0.049,0.05

>n376424
0.016,0.022,0.033,0.014,0.024,0.041,0.018,0.036,0.036,0.029,0.043,0.038,0.01,0.027,0.052,0.013,0.068,0.051,0.054,0.055,0.053,0.052,0.054,0.054,0.055,0.052

>n376425
0.026,0.021,0.035,0.019,0.026,0.027,0.019,0.04,0.035,0.032,0.038,0.022,0.014,0.03,0.035,0.031,0.063,0.057,0.055,0.054,0.052,0.052,0.051,0.055,0.053,0.056

>n376433
0.016,0.018,0.029,0.016,0.029,0.06,0.021,0.039,0.026,0.036,0.037,0.028,0.008,0.036,0.039,0.018,0.065,0.056,0.053,0.054,0.053,0.054,0.053,0.05,0.054,0.053

>n376434
0.016,0.026,0.035,0.018,0.04,0.042,0.011,0.04,0.027,0.027,0.043,0.034,0.013,0.037,0.042,0.026,0.062,0.052,0.053,0.051,0.052,0.051,0.049,0.05,0.052,0.051

>n376473
0.027,0.017,0.02,0.045,0.027,0.027,0.006,0.043,0.02,0.022,0.021,0.032,0.034,0.037,0.048,0.094,0.057,0.047,0.048,0.047,0.047,0.046,0.048,0.047,0.045,0.048

>n376477
0.046,0.022,0.039,0.019,0.031,0.029,0.016,0.031,0.032,0.032,0.035,0.027,0.017,0.024,0.036,0.031,0.065,0.053,0.05,0.053,0.053,0.05,0.054,0.051,0.052,0.051

>n376502
0.038,0.019,0.043,0.027,0.029,0.03,0.008,0.042,0.043,0.023,0.023,0.036,0.017,0.037,0.051,0.044,0.059,0.046,0.05,0.046,0.048,0.045,0.049,0.047,0.047,0.049

>n376504
0.029,0.016,0.024,0.038,0.026,0.034,0.004,0.046,0.019,0.023,0.024,0.042,0.033,0.037,0.057,0.069,0.059,0.046,0.048,0.047,0.05,0.044,0.049,0.045,0.048,0.046

>n376518
0.044,0.031,0.035,0.037,0.043,0.034,0.003,0.04,0.033,0.028,0.025,0.023,0.026,0.028,0.046,0.04,0.059,0.049,0.047,0.048,0.048,0.046,0.05,0.047,0.047,0.045

>n376522
0.049,0.024,0.035,0.035,0.036,0.026,0.007,0.034,0.032,0.026,0.031,0.024,0.026,0.028,0.04,0.05,0.058,0.05,0.049,0.048,0.049,0.049,0.049,0.048,0.049,0.049

>n376534
0.026,0.022,0.035,0.023,0.041,0.046,0.01,0.04,0.026,0.032,0.035,0.027,0.013,0.037,0.04,0.034,0.06,0.053,0.049,0.05,0.05,0.049,0.052,0.05,0.05,0.049

>n376544
0.036,0.024,0.038,0.033,0.032,0.029,0.004,0.04,0.036,0.023,0.035,0.027,0.026,0.03,0.044,0.054,0.056,0.049,0.046,0.049,0.048,0.046,0.049,0.047,0.049,0.048

>n376590
0.061,0.025,0.036,0.027,0.037,0.028,0.008,0.03,0.031,0.029,0.036,0.024,0.02,0.021,0.04,0.033,0.059,0.053,0.049,0.052,0.049,0.05,0.05,0.05,0.052,0.049

>n376755
0.068,0.023,0.033,0.028,0.034,0.021,0.009,0.025,0.028,0.028,0.033,0.032,0.021,0.017,0.047,0.032,0.062,0.049,0.055,0.047,0.055,0.046,0.056,0.047,0.056,0.048

>n376779
0.047,0.031,0.047,0.022,0.041,0.034,0.002,0.038,0.043,0.025,0.042,0.021,0.018,0.025,0.039,0.032,0.054,0.05,0.048,0.048,0.051,0.046,0.048,0.049,0.049,0.048

>n376979
0.036,0.022,0.032,0.032,0.033,0.035,0.005,0.047,0.032,0.024,0.028,0.029,0.021,0.039,0.049,0.05,0.056,0.049,0.049,0.047,0.047,0.048,0.047,0.047,0.046,0.049

>n376985
0.024,0.023,0.035,0.019,0.033,0.04,0.015,0.033,0.029,0.031,0.046,0.026,0.013,0.028,0.036,0.029,0.061,0.054,0.053,0.054,0.053,0.052,0.054,0.053,0.052,0.053

>n376991
0.023,0.027,0.037,0.012,0.039,0.046,0.016,0.031,0.029,0.035,0.057,0.02,0.007,0.025,0.031,0.01,0.064,0.054,0.053,0.057,0.053,0.055,0.055,0.054,0.056,0.053

>n377015
0.055,0.021,0.031,0.049,0.027,0.016,0.004,0.038,0.026,0.018,0.015,0.031,0.049,0.03,0.039,0.072,0.058,0.043,0.049,0.046,0.048,0.046,0.047,0.047,0.048,0.048

>n377137
0.043,0.028,0.03,0.05,0.035,0.02,0.003,0.039,0.025,0.016,0.015,0.031,0.048,0.034,0.038,0.072,0.057,0.047,0.046,0.046,0.048,0.045,0.047,0.045,0.047,0.046

>n377170
0.029,0.032,0.038,0.018,0.044,0.042,0.011,0.041,0.032,0.031,0.041,0.019,0.012,0.033,0.033,0.025,0.061,0.051,0.052,0.05,0.053,0.049,0.052,0.052,0.05,0.049

>n377214
0.04,0.032,0.043,0.035,0.042,0.022,0.006,0.031,0.031,0.021,0.023,0.026,0.037,0.027,0.029,0.061,0.06,0.047,0.05,0.047,0.048,0.049,0.05,0.047,0.049,0.047

>n377217
0.043,0.02,0.032,0.035,0.031,0.024,0.007,0.041,0.03,0.023,0.025,0.028,0.027,0.037,0.041,0.067,0.057,0.048,0.048,0.048,0.048,0.048,0.047,0.047,0.048,0.048

>n377236
0.014,0.025,0.039,0.016,0.04,0.053,0.014,0.034,0.032,0.04,0.042,0.022,0.008,0.023,0.041,0.02,0.063,0.053,0.054,0.053,0.056,0.052,0.053,0.053,0.053,0.05

>n377254
0.001,0.004,0.006,0.001,0.001,0.059,0.059,0.015,0.01,0.042,0.06,0.024,0.0,0.028,0.012,0.009,0.085,0.067,0.068,0.063,0.066,0.061,0.066,0.068,0.061,0.066

>n377284
0.035,0.023,0.046,0.02,0.037,0.027,0.011,0.024,0.038,0.031,0.05,0.027,0.014,0.018,0.039,0.028,0.062,0.054,0.052,0.054,0.052,0.05,0.051,0.052,0.052,0.052

>n377290
0.019,0.02,0.031,0.013,0.033,0.042,0.016,0.034,0.023,0.036,0.043,0.032,0.007,0.028,0.044,0.028,0.064,0.054,0.054,0.055,0.055,0.053,0.055,0.051,0.055,0.053

>n377295
0.033,0.022,0.03,0.02,0.027,0.025,0.021,0.035,0.026,0.029,0.035,0.03,0.02,0.031,0.034,0.027,0.07,0.054,0.054,0.059,0.051,0.055,0.052,0.049,0.054,0.058

>n377300
0.028,0.022,0.041,0.02,0.032,0.033,0.008,0.04,0.033,0.028,0.05,0.027,0.018,0.03,0.04,0.034,0.058,0.052,0.051,0.051,0.051,0.05,0.051,0.05,0.051,0.051

>n377310
0.048,0.031,0.036,0.039,0.038,0.028,0.004,0.042,0.035,0.019,0.018,0.025,0.033,0.034,0.04,0.056,0.055,0.048,0.046,0.046,0.046,0.046,0.046,0.046,0.046,0.046

>n377360
0.046,0.033,0.038,0.037,0.041,0.029,0.004,0.043,0.038,0.021,0.019,0.023,0.03,0.033,0.039,0.053,0.055,0.049,0.046,0.046,0.046,0.046,0.047,0.047,0.046,0.046

>n377416
0.051,0.03,0.028,0.018,0.034,0.031,0.009,0.038,0.023,0.024,0.04,0.028,0.019,0.027,0.038,0.039,0.062,0.054,0.046,0.053,0.052,0.052,0.046,0.055,0.054,0.049

>n377427
0.028,0.022,0.042,0.022,0.033,0.032,0.007,0.04,0.033,0.028,0.049,0.028,0.019,0.03,0.041,0.036,0.057,0.052,0.051,0.051,0.05,0.049,0.051,0.05,0.051,0.05

>n377456
0.027,0.027,0.039,0.022,0.037,0.049,0.01,0.042,0.036,0.028,0.039,0.023,0.013,0.034,0.039,0.028,0.058,0.052,0.05,0.05,0.05,0.048,0.05,0.05,0.049,0.05

>n377506
0.029,0.021,0.033,0.042,0.029,0.028,0.006,0.041,0.03,0.024,0.027,0.028,0.037,0.03,0.043,0.061,0.058,0.048,0.048,0.049,0.048,0.046,0.049,0.049,0.046,0.05

>n377541
0.05,0.03,0.043,0.024,0.037,0.027,0.012,0.032,0.043,0.027,0.037,0.021,0.018,0.025,0.034,0.021,0.062,0.052,0.051,0.053,0.05,0.048,0.052,0.051,0.051,0.049

>n377576
0.087,0.032,0.044,0.047,0.045,0.019,0.002,0.024,0.041,0.017,0.024,0.02,0.037,0.022,0.032,0.034,0.056,0.045,0.048,0.046,0.048,0.045,0.047,0.046,0.046,0.045

>n377577
0.059,0.03,0.042,0.033,0.044,0.025,0.005,0.033,0.029,0.024,0.028,0.024,0.032,0.027,0.031,0.042,0.058,0.048,0.049,0.047,0.049,0.047,0.049,0.048,0.048,0.048

>n377616
0.049,0.025,0.035,0.04,0.035,0.022,0.005,0.034,0.032,0.021,0.03,0.029,0.031,0.028,0.042,0.048,0.057,0.047,0.05,0.048,0.049,0.048,0.05,0.046,0.049,0.048

>n377639
0.064,0.024,0.029,0.052,0.023,0.017,0.007,0.035,0.034,0.014,0.016,0.025,0.048,0.026,0.037,0.075,0.056,0.047,0.047,0.047,0.045,0.046,0.046,0.048,0.045,0.047

>n377642
0.028,0.028,0.041,0.02,0.039,0.05,0.009,0.041,0.041,0.035,0.04,0.019,0.009,0.026,0.045,0.023,0.059,0.053,0.048,0.051,0.05,0.048,0.049,0.049,0.049,0.049

>n377651
0.023,0.018,0.033,0.017,0.025,0.027,0.026,0.026,0.03,0.039,0.036,0.025,0.013,0.02,0.035,0.032,0.073,0.055,0.057,0.056,0.058,0.054,0.058,0.054,0.056,0.056

>n377656
0.031,0.023,0.032,0.018,0.027,0.043,0.024,0.034,0.03,0.033,0.035,0.019,0.016,0.029,0.026,0.028,0.066,0.055,0.054,0.053,0.055,0.053,0.053,0.054,0.054,0.054

>n377659
0.013,0.02,0.038,0.013,0.033,0.05,0.019,0.031,0.031,0.041,0.057,0.02,0.006,0.021,0.036,0.012,0.064,0.057,0.053,0.059,0.055,0.052,0.056,0.055,0.053,0.056

>n377660
0.027,0.021,0.029,0.008,0.025,0.036,0.033,0.026,0.026,0.041,0.043,0.016,0.007,0.022,0.021,0.02,0.074,0.056,0.06,0.059,0.059,0.056,0.061,0.055,0.06,0.058

>n377664
0.031,0.017,0.034,0.019,0.025,0.034,0.026,0.029,0.032,0.034,0.04,0.02,0.013,0.029,0.026,0.027,0.068,0.058,0.052,0.057,0.056,0.055,0.055,0.055,0.054,0.056

>n377665
0.023,0.02,0.029,0.024,0.025,0.032,0.02,0.035,0.026,0.034,0.035,0.024,0.022,0.027,0.035,0.04,0.068,0.052,0.053,0.055,0.054,0.051,0.055,0.053,0.053,0.055

>n377669
0.033,0.025,0.033,0.029,0.039,0.032,0.012,0.035,0.026,0.029,0.032,0.025,0.022,0.033,0.034,0.044,0.062,0.052,0.05,0.051,0.05,0.049,0.052,0.05,0.049,0.051

>n377670
0.04,0.026,0.025,0.037,0.036,0.028,0.012,0.037,0.029,0.022,0.037,0.023,0.023,0.036,0.037,0.044,0.058,0.054,0.048,0.051,0.05,0.049,0.05,0.05,0.048,0.049

>n377672
0.036,0.023,0.027,0.027,0.032,0.037,0.013,0.04,0.033,0.027,0.031,0.027,0.012,0.035,0.046,0.041,0.059,0.054,0.05,0.048,0.052,0.048,0.05,0.051,0.051,0.05

>n377677
0.053,0.021,0.036,0.035,0.033,0.032,0.009,0.028,0.033,0.027,0.03,0.025,0.026,0.023,0.039,0.042,0.059,0.051,0.05,0.049,0.048,0.051,0.049,0.049,0.05,0.049

>n377678
0.015,0.022,0.038,0.012,0.035,0.048,0.018,0.031,0.031,0.039,0.054,0.021,0.007,0.022,0.036,0.014,0.064,0.057,0.053,0.057,0.055,0.051,0.056,0.054,0.053,0.055

>n377680
0.033,0.019,0.041,0.032,0.032,0.028,0.007,0.04,0.042,0.026,0.05,0.026,0.017,0.035,0.046,0.028,0.056,0.051,0.049,0.052,0.05,0.048,0.049,0.047,0.048,0.048

>n377683
0.067,0.027,0.045,0.035,0.035,0.021,0.008,0.03,0.04,0.022,0.025,0.023,0.031,0.024,0.033,0.041,0.057,0.05,0.047,0.05,0.048,0.047,0.049,0.05,0.046,0.048

>n377684
0.022,0.022,0.036,0.017,0.04,0.057,0.013,0.052,0.022,0.041,0.031,0.018,0.014,0.042,0.031,0.025,0.061,0.055,0.05,0.05,0.051,0.049,0.052,0.051,0.051,0.048

>n377707
0.018,0.016,0.049,0.01,0.028,0.039,0.018,0.03,0.038,0.042,0.059,0.022,0.008,0.018,0.034,0.009,0.067,0.056,0.054,0.057,0.056,0.052,0.056,0.055,0.055,0.052

>n377717
0.047,0.02,0.031,0.023,0.02,0.017,0.02,0.023,0.036,0.028,0.033,0.029,0.019,0.015,0.042,0.038,0.065,0.057,0.051,0.055,0.056,0.053,0.053,0.054,0.057,0.056

>n377720
0.071,0.028,0.038,0.043,0.036,0.017,0.003,0.03,0.034,0.016,0.017,0.029,0.039,0.025,0.039,0.062,0.055,0.047,0.046,0.047,0.046,0.046,0.046,0.047,0.046,0.046

>n377736
0.03,0.022,0.035,0.024,0.034,0.035,0.015,0.035,0.029,0.03,0.033,0.025,0.019,0.031,0.035,0.038,0.063,0.053,0.052,0.051,0.052,0.051,0.053,0.052,0.05,0.053

>n377740
0.053,0.024,0.037,0.034,0.03,0.025,0.011,0.032,0.037,0.025,0.029,0.023,0.028,0.024,0.036,0.039,0.06,0.052,0.05,0.051,0.05,0.049,0.05,0.05,0.049,0.051

>n377766
0.034,0.026,0.032,0.015,0.032,0.037,0.025,0.032,0.032,0.036,0.031,0.018,0.01,0.027,0.028,0.022,0.068,0.057,0.052,0.058,0.054,0.055,0.055,0.054,0.054,0.056

>n377769
0.022,0.04,0.022,0.051,0.046,0.018,0.006,0.03,0.019,0.021,0.019,0.037,0.048,0.022,0.048,0.04,0.07,0.037,0.064,0.037,0.063,0.038,0.065,0.039,0.063,0.037

>n377771
0.05,0.022,0.041,0.031,0.032,0.022,0.014,0.028,0.035,0.03,0.032,0.022,0.027,0.021,0.032,0.038,0.062,0.052,0.051,0.052,0.052,0.049,0.052,0.051,0.05,0.052

>n377788
0.05,0.027,0.038,0.025,0.038,0.026,0.007,0.044,0.031,0.026,0.025,0.027,0.021,0.037,0.037,0.051,0.058,0.051,0.048,0.048,0.049,0.045,0.051,0.048,0.046,0.049

>n377795
0.037,0.028,0.042,0.02,0.037,0.037,0.013,0.037,0.039,0.031,0.035,0.02,0.013,0.029,0.035,0.027,0.061,0.053,0.051,0.05,0.052,0.05,0.051,0.051,0.049,0.052

>n377799
0.048,0.024,0.04,0.033,0.034,0.019,0.003,0.033,0.033,0.024,0.029,0.032,0.029,0.023,0.047,0.05,0.058,0.051,0.047,0.049,0.047,0.048,0.05,0.049,0.048,0.049

>n377809
0.044,0.025,0.047,0.026,0.043,0.033,0.006,0.037,0.038,0.031,0.031,0.025,0.017,0.029,0.041,0.027,0.059,0.051,0.047,0.05,0.049,0.048,0.05,0.048,0.048,0.049

>n377813
0.01,0.019,0.037,0.017,0.025,0.023,0.012,0.05,0.027,0.035,0.035,0.029,0.021,0.033,0.043,0.062,0.066,0.054,0.05,0.046,0.056,0.05,0.047,0.053,0.051,0.049

>n377818
0.039,0.023,0.036,0.027,0.034,0.032,0.01,0.037,0.031,0.03,0.034,0.024,0.021,0.028,0.039,0.041,0.061,0.052,0.049,0.049,0.052,0.049,0.05,0.049,0.05,0.05

>n377827
0.018,0.017,0.043,0.017,0.034,0.04,0.017,0.039,0.031,0.046,0.04,0.018,0.012,0.027,0.036,0.02,0.066,0.056,0.051,0.054,0.053,0.053,0.054,0.053,0.052,0.053

>n377834
0.046,0.023,0.039,0.03,0.026,0.021,0.01,0.033,0.037,0.024,0.035,0.028,0.03,0.022,0.04,0.037,0.061,0.051,0.05,0.052,0.051,0.05,0.05,0.05,0.051,0.05

>n377837
0.043,0.027,0.035,0.033,0.038,0.033,0.005,0.04,0.031,0.023,0.028,0.027,0.026,0.033,0.041,0.049,0.057,0.049,0.047,0.048,0.048,0.047,0.047,0.049,0.047,0.048

>n377859
0.03,0.032,0.04,0.023,0.044,0.053,0.005,0.05,0.033,0.028,0.027,0.022,0.017,0.039,0.038,0.035,0.057,0.05,0.047,0.046,0.047,0.049,0.046,0.048,0.048,0.046

>n377862
0.023,0.019,0.032,0.022,0.031,0.041,0.011,0.043,0.032,0.031,0.036,0.031,0.011,0.035,0.05,0.035,0.061,0.051,0.05,0.052,0.051,0.049,0.05,0.051,0.05,0.051

>n377873
0.051,0.032,0.045,0.032,0.044,0.03,0.006,0.034,0.037,0.027,0.024,0.023,0.029,0.025,0.035,0.034,0.059,0.048,0.049,0.05,0.048,0.047,0.049,0.048,0.048,0.048

>n377897
0.033,0.027,0.037,0.024,0.045,0.039,0.01,0.037,0.028,0.034,0.034,0.022,0.016,0.03,0.037,0.029,0.062,0.051,0.051,0.051,0.051,0.049,0.051,0.05,0.051,0.05

>n377912
0.067,0.028,0.035,0.046,0.031,0.017,0.006,0.033,0.037,0.017,0.022,0.022,0.042,0.025,0.034,0.057,0.056,0.049,0.046,0.048,0.047,0.047,0.047,0.049,0.046,0.047

>n377916
0.016,0.02,0.029,0.016,0.033,0.053,0.023,0.034,0.024,0.04,0.04,0.019,0.008,0.03,0.031,0.024,0.067,0.056,0.052,0.057,0.054,0.053,0.056,0.054,0.055,0.054

>n377919
0.017,0.025,0.027,0.023,0.031,0.03,0.017,0.04,0.026,0.025,0.03,0.035,0.019,0.038,0.041,0.036,0.066,0.055,0.053,0.052,0.053,0.052,0.053,0.054,0.052,0.052

>n377923
0.035,0.022,0.042,0.024,0.034,0.032,0.006,0.038,0.035,0.031,0.046,0.025,0.019,0.026,0.042,0.028,0.059,0.052,0.051,0.051,0.05,0.049,0.052,0.049,0.05,0.051

>n377932
0.049,0.025,0.046,0.033,0.029,0.021,0.003,0.033,0.041,0.019,0.029,0.033,0.034,0.021,0.044,0.055,0.057,0.049,0.048,0.048,0.048,0.044,0.049,0.05,0.049,0.048

>n377954
0.042,0.021,0.042,0.032,0.019,0.048,0.011,0.041,0.049,0.019,0.023,0.023,0.026,0.03,0.039,0.053,0.054,0.05,0.047,0.049,0.045,0.046,0.048,0.047,0.047,0.048

>n377981
0.038,0.025,0.035,0.027,0.03,0.029,0.01,0.048,0.029,0.022,0.024,0.03,0.028,0.041,0.037,0.046,0.06,0.049,0.052,0.047,0.052,0.044,0.053,0.046,0.052,0.047

>n377982
0.02,0.024,0.031,0.014,0.028,0.048,0.023,0.034,0.03,0.034,0.043,0.021,0.011,0.026,0.032,0.019,0.066,0.056,0.056,0.054,0.055,0.053,0.054,0.056,0.052,0.059

>n377986
0.032,0.022,0.041,0.022,0.04,0.033,0.013,0.031,0.032,0.033,0.038,0.026,0.014,0.029,0.036,0.027,0.064,0.053,0.051,0.054,0.051,0.053,0.053,0.05,0.051,0.051

>n377988
0.014,0.024,0.029,0.01,0.027,0.041,0.027,0.031,0.03,0.035,0.048,0.024,0.006,0.027,0.032,0.015,0.07,0.058,0.057,0.056,0.058,0.056,0.055,0.056,0.056,0.058

>n378002
0.034,0.026,0.037,0.025,0.045,0.041,0.01,0.037,0.029,0.035,0.038,0.02,0.015,0.03,0.037,0.022,0.061,0.051,0.051,0.051,0.051,0.049,0.051,0.05,0.052,0.051

>n378007
0.035,0.023,0.031,0.037,0.034,0.028,0.006,0.034,0.023,0.022,0.024,0.036,0.035,0.029,0.044,0.062,0.061,0.049,0.05,0.047,0.049,0.048,0.049,0.048,0.049,0.049

>n378019
0.037,0.027,0.036,0.035,0.038,0.024,0.007,0.036,0.034,0.023,0.031,0.027,0.025,0.032,0.041,0.044,0.059,0.051,0.048,0.051,0.05,0.048,0.05,0.049,0.048,0.05

>n378039
0.043,0.02,0.032,0.022,0.021,0.017,0.021,0.023,0.035,0.029,0.03,0.03,0.018,0.016,0.041,0.039,0.067,0.057,0.052,0.055,0.057,0.053,0.054,0.053,0.057,0.056

>n378054
0.042,0.02,0.033,0.029,0.034,0.025,0.013,0.025,0.033,0.035,0.042,0.021,0.017,0.016,0.043,0.032,0.063,0.057,0.049,0.051,0.056,0.053,0.051,0.052,0.056,0.051

>n378063
0.051,0.017,0.04,0.035,0.024,0.021,0.013,0.028,0.038,0.026,0.025,0.029,0.03,0.022,0.039,0.05,0.06,0.053,0.048,0.052,0.05,0.048,0.051,0.051,0.048,0.051

>n378068
0.052,0.025,0.038,0.04,0.029,0.017,0.002,0.037,0.035,0.021,0.026,0.032,0.039,0.023,0.048,0.047,0.058,0.049,0.047,0.047,0.05,0.046,0.047,0.05,0.046,0.048

>n378090
0.019,0.019,0.043,0.016,0.035,0.037,0.014,0.035,0.03,0.041,0.049,0.022,0.013,0.024,0.038,0.02,0.065,0.056,0.054,0.053,0.054,0.052,0.054,0.054,0.052,0.052

>n378094
0.069,0.02,0.03,0.048,0.025,0.016,0.01,0.031,0.025,0.021,0.016,0.023,0.047,0.024,0.03,0.075,0.059,0.047,0.049,0.048,0.046,0.048,0.051,0.047,0.047,0.049

>n378100
0.043,0.027,0.035,0.036,0.037,0.025,0.006,0.039,0.033,0.023,0.025,0.027,0.028,0.032,0.041,0.058,0.059,0.047,0.049,0.048,0.048,0.047,0.048,0.047,0.048,0.047

>n378107
0.047,0.025,0.039,0.036,0.037,0.021,0.001,0.041,0.037,0.028,0.028,0.028,0.027,0.026,0.051,0.043,0.057,0.05,0.047,0.048,0.047,0.048,0.047,0.048,0.048,0.046

>n378108
0.053,0.021,0.037,0.041,0.032,0.018,0.003,0.035,0.03,0.024,0.026,0.029,0.037,0.026,0.041,0.057,0.057,0.05,0.046,0.049,0.049,0.048,0.048,0.047,0.051,0.045

>n378125
0.036,0.023,0.04,0.033,0.04,0.031,0.006,0.035,0.035,0.028,0.034,0.026,0.022,0.031,0.042,0.038,0.059,0.05,0.05,0.049,0.05,0.048,0.05,0.047,0.048,0.049

>n378136
0.033,0.025,0.041,0.013,0.027,0.037,0.027,0.027,0.041,0.036,0.037,0.016,0.01,0.021,0.025,0.015,0.069,0.054,0.057,0.056,0.054,0.057,0.054,0.057,0.054,0.057

>n378190
0.049,0.026,0.034,0.026,0.022,0.024,0.017,0.034,0.036,0.027,0.039,0.02,0.028,0.021,0.031,0.034,0.064,0.051,0.052,0.051,0.052,0.051,0.052,0.053,0.053,0.053

>n378201
0.034,0.033,0.037,0.024,0.043,0.034,0.009,0.041,0.033,0.02,0.029,0.031,0.018,0.041,0.037,0.033,0.059,0.051,0.049,0.051,0.047,0.049,0.05,0.048,0.048,0.05

>n378218
0.04,0.025,0.033,0.025,0.036,0.037,0.014,0.044,0.029,0.033,0.02,0.022,0.018,0.036,0.037,0.036,0.062,0.05,0.053,0.048,0.051,0.048,0.055,0.046,0.049,0.051

>n378238
0.069,0.028,0.042,0.03,0.038,0.036,0.008,0.035,0.034,0.025,0.027,0.018,0.027,0.028,0.028,0.041,0.056,0.049,0.047,0.047,0.048,0.048,0.047,0.048,0.049,0.047

>n378247
0.048,0.033,0.032,0.039,0.04,0.022,0.009,0.036,0.034,0.024,0.019,0.021,0.03,0.029,0.036,0.047,0.061,0.05,0.049,0.047,0.051,0.049,0.048,0.047,0.052,0.047

>n378252
0.053,0.023,0.035,0.037,0.026,0.015,0.009,0.026,0.033,0.017,0.016,0.042,0.037,0.02,0.048,0.062,0.06,0.05,0.047,0.05,0.048,0.048,0.048,0.051,0.047,0.052

>n378273
0.043,0.024,0.038,0.025,0.031,0.033,0.015,0.031,0.034,0.028,0.038,0.023,0.021,0.025,0.033,0.028,0.062,0.053,0.052,0.052,0.052,0.051,0.051,0.053,0.052,0.052

>n378277
0.033,0.024,0.035,0.023,0.036,0.043,0.014,0.04,0.031,0.03,0.032,0.024,0.014,0.036,0.037,0.032,0.06,0.053,0.05,0.053,0.048,0.049,0.053,0.049,0.05,0.051

>n378279
0.032,0.025,0.04,0.023,0.04,0.04,0.008,0.036,0.033,0.032,0.042,0.023,0.016,0.027,0.039,0.029,0.059,0.053,0.051,0.051,0.05,0.05,0.051,0.05,0.049,0.051

>n378287
0.047,0.029,0.027,0.039,0.041,0.018,0.009,0.032,0.03,0.028,0.022,0.021,0.024,0.025,0.043,0.061,0.062,0.049,0.051,0.048,0.053,0.046,0.05,0.048,0.051,0.049

>n378313
0.029,0.019,0.036,0.021,0.026,0.049,0.016,0.043,0.034,0.035,0.036,0.023,0.015,0.032,0.04,0.02,0.062,0.053,0.051,0.055,0.051,0.051,0.053,0.049,0.049,0.052

>n378317
0.057,0.026,0.039,0.031,0.035,0.028,0.012,0.032,0.039,0.022,0.037,0.019,0.022,0.031,0.029,0.034,0.058,0.052,0.049,0.051,0.051,0.049,0.05,0.049,0.05,0.049

>n378350
0.041,0.024,0.037,0.035,0.033,0.027,0.008,0.034,0.035,0.021,0.032,0.028,0.028,0.03,0.039,0.049,0.058,0.05,0.049,0.049,0.05,0.049,0.049,0.049,0.047,0.048

>n378352
0.055,0.024,0.042,0.042,0.035,0.022,0.003,0.035,0.036,0.02,0.022,0.028,0.037,0.03,0.039,0.053,0.056,0.047,0.048,0.047,0.047,0.046,0.046,0.048,0.046,0.047

>n378353
0.046,0.022,0.033,0.034,0.022,0.014,0.011,0.03,0.034,0.017,0.02,0.04,0.034,0.024,0.046,0.064,0.061,0.05,0.048,0.051,0.05,0.048,0.051,0.05,0.047,0.052

>n378366
0.042,0.023,0.038,0.034,0.034,0.024,0.005,0.035,0.031,0.025,0.026,0.032,0.031,0.026,0.045,0.051,0.059,0.05,0.048,0.05,0.048,0.048,0.049,0.048,0.049,0.048

>n378377
0.048,0.026,0.039,0.033,0.039,0.027,0.005,0.038,0.035,0.024,0.021,0.029,0.024,0.032,0.044,0.048,0.057,0.049,0.049,0.047,0.048,0.048,0.048,0.047,0.048,0.047

>n378384
0.03,0.027,0.033,0.027,0.032,0.037,0.011,0.04,0.035,0.02,0.025,0.038,0.021,0.036,0.049,0.031,0.061,0.051,0.049,0.051,0.05,0.049,0.05,0.047,0.049,0.051

