Data type: RNA sequences
Mode: PC-PseDNC-General
Physicochemical properties: ['Rise (RNA)', 'Tilt (RNA)', 'Twist (RNA)', 'Slide (RNA)', 'Shift (RNA)', 'Roll (RNA)']
Lambda: 10
W: 0.05

>n383172
0.036,0.022,0.03,0.041,0.027,0.024,0.009,0.037,0.031,0.022,0.023,0.03,0.035,0.028,0.044,0.061,0.061,0.049,0.048,0.05,0.05,0.046,0.051,0.047,0.048,0.05

>n383175
0.034,0.037,0.048,0.023,0.056,0.05,0.006,0.04,0.034,0.027,0.028,0.02,0.017,0.038,0.027,0.029,0.057,0.05,0.047,0.05,0.046,0.046,0.048,0.047,0.049,0.048

>n383179
0.03,0.022,0.032,0.027,0.032,0.044,0.01,0.041,0.025,0.024,0.03,0.031,0.024,0.037,0.038,0.053,0.059,0.05,0.049,0.05,0.049,0.049,0.047,0.05,0.049,0.049

>n383180
0.035,0.018,0.042,0.023,0.038,0.04,0.011,0.036,0.03,0.035,0.038,0.024,0.014,0.032,0.036,0.029,0.062,0.053,0.048,0.052,0.052,0.048,0.051,0.05,0.05,0.052

>n383184
0.039,0.025,0.034,0.03,0.037,0.039,0.008,0.04,0.029,0.027,0.027,0.025,0.023,0.034,0.038,0.05,0.058,0.05,0.049,0.049,0.048,0.047,0.049,0.049,0.048,0.048

>n383186
0.04,0.026,0.042,0.027,0.038,0.028,0.007,0.035,0.034,0.03,0.036,0.027,0.024,0.023,0.041,0.026,0.061,0.051,0.049,0.052,0.05,0.05,0.05,0.051,0.05,0.05

>n383190
0.053,0.025,0.043,0.027,0.036,0.031,0.008,0.032,0.036,0.024,0.034,0.03,0.024,0.026,0.038,0.029,0.058,0.052,0.049,0.049,0.05,0.047,0.051,0.05,0.047,0.05

>n383191
0.046,0.023,0.03,0.042,0.03,0.025,0.007,0.036,0.024,0.021,0.02,0.032,0.04,0.029,0.04,0.071,0.058,0.048,0.048,0.047,0.047,0.049,0.047,0.049,0.045,0.049

>n383209
0.047,0.026,0.036,0.03,0.035,0.039,0.01,0.036,0.038,0.027,0.03,0.02,0.018,0.029,0.039,0.04,0.057,0.051,0.048,0.051,0.05,0.047,0.049,0.05,0.047,0.051

>n383211
0.029,0.021,0.032,0.026,0.03,0.033,0.009,0.042,0.025,0.023,0.028,0.035,0.024,0.036,0.043,0.062,0.059,0.049,0.05,0.05,0.049,0.049,0.049,0.049,0.049,0.049

>n383218
0.038,0.023,0.036,0.029,0.036,0.031,0.009,0.037,0.029,0.029,0.035,0.025,0.023,0.03,0.038,0.042,0.059,0.052,0.049,0.052,0.05,0.049,0.051,0.05,0.05,0.05

>n383230
0.019,0.022,0.038,0.011,0.038,0.038,0.012,0.036,0.023,0.037,0.05,0.032,0.01,0.027,0.042,0.017,0.065,0.054,0.054,0.054,0.056,0.049,0.056,0.054,0.054,0.053

>n383231
0.041,0.023,0.035,0.031,0.035,0.029,0.008,0.034,0.032,0.025,0.025,0.032,0.023,0.03,0.045,0.054,0.058,0.054,0.046,0.052,0.048,0.047,0.047,0.051,0.048,0.047

>n383233
0.039,0.023,0.036,0.026,0.034,0.036,0.007,0.041,0.029,0.026,0.024,0.034,0.022,0.033,0.045,0.052,0.058,0.051,0.046,0.051,0.047,0.046,0.049,0.05,0.046,0.048

>n383234
0.037,0.02,0.037,0.029,0.028,0.026,0.013,0.032,0.034,0.026,0.031,0.031,0.024,0.027,0.041,0.046,0.062,0.054,0.049,0.053,0.052,0.048,0.052,0.051,0.051,0.049

>n383236
0.021,0.023,0.032,0.021,0.031,0.039,0.013,0.035,0.028,0.031,0.038,0.029,0.016,0.026,0.043,0.043,0.062,0.053,0.052,0.051,0.053,0.05,0.052,0.052,0.052,0.051

>n383265
0.042,0.026,0.037,0.032,0.034,0.028,0.01,0.034,0.032,0.026,0.032,0.026,0.029,0.025,0.038,0.037,0.061,0.052,0.051,0.048,0.052,0.048,0.052,0.049,0.052,0.049

>n383314
0.039,0.025,0.034,0.039,0.039,0.025,0.009,0.035,0.029,0.025,0.025,0.024,0.029,0.033,0.035,0.054,0.06,0.049,0.05,0.049,0.05,0.049,0.048,0.05,0.048,0.048

>n383327
0.033,0.018,0.026,0.03,0.032,0.044,0.012,0.038,0.021,0.032,0.027,0.028,0.022,0.031,0.043,0.051,0.063,0.048,0.053,0.049,0.051,0.047,0.052,0.048,0.053,0.048

>n383428
0.046,0.019,0.038,0.039,0.034,0.022,0.004,0.037,0.031,0.019,0.022,0.032,0.031,0.036,0.041,0.077,0.055,0.046,0.044,0.049,0.046,0.045,0.046,0.046,0.047,0.047

>n383460
0.023,0.041,0.035,0.019,0.057,0.044,0.009,0.039,0.022,0.033,0.028,0.024,0.016,0.03,0.036,0.021,0.065,0.049,0.053,0.049,0.053,0.048,0.052,0.05,0.051,0.051

>n383496
0.024,0.025,0.027,0.04,0.036,0.038,0.005,0.045,0.023,0.021,0.024,0.03,0.032,0.04,0.042,0.069,0.057,0.048,0.048,0.046,0.048,0.046,0.048,0.047,0.047,0.045

>n383509
0.047,0.025,0.025,0.066,0.041,0.025,0.002,0.029,0.021,0.016,0.014,0.032,0.055,0.031,0.041,0.061,0.059,0.041,0.05,0.041,0.05,0.043,0.046,0.047,0.046,0.046

>n383521
0.023,0.017,0.036,0.025,0.026,0.024,0.011,0.035,0.03,0.027,0.044,0.031,0.021,0.028,0.042,0.057,0.059,0.051,0.054,0.051,0.053,0.051,0.053,0.05,0.051,0.051

>n383550
0.05,0.026,0.036,0.036,0.036,0.023,0.008,0.033,0.031,0.021,0.029,0.028,0.031,0.03,0.036,0.047,0.059,0.049,0.05,0.05,0.048,0.048,0.048,0.05,0.049,0.048

>n383551
0.058,0.027,0.042,0.045,0.048,0.016,0.004,0.022,0.038,0.017,0.021,0.031,0.027,0.03,0.041,0.049,0.058,0.046,0.048,0.049,0.047,0.046,0.046,0.05,0.045,0.048

>n383556
0.034,0.024,0.033,0.029,0.039,0.032,0.014,0.032,0.024,0.031,0.029,0.024,0.023,0.029,0.032,0.04,0.063,0.053,0.052,0.052,0.052,0.051,0.052,0.051,0.052,0.051

>n383560
0.031,0.028,0.026,0.034,0.036,0.031,0.011,0.043,0.027,0.021,0.024,0.031,0.026,0.041,0.041,0.049,0.061,0.05,0.048,0.049,0.049,0.048,0.05,0.048,0.05,0.048

>n383565
0.036,0.029,0.031,0.029,0.035,0.034,0.015,0.033,0.033,0.023,0.031,0.03,0.021,0.031,0.041,0.024,0.063,0.054,0.051,0.049,0.054,0.053,0.049,0.05,0.052,0.051

>n383567
0.034,0.021,0.029,0.039,0.029,0.025,0.002,0.052,0.024,0.02,0.022,0.031,0.035,0.042,0.045,0.082,0.055,0.047,0.045,0.045,0.047,0.045,0.045,0.045,0.047,0.046

>n383603
0.033,0.031,0.026,0.025,0.034,0.042,0.021,0.03,0.032,0.032,0.025,0.018,0.015,0.022,0.035,0.031,0.068,0.056,0.049,0.054,0.054,0.051,0.055,0.054,0.05,0.058

>n383605
0.038,0.026,0.039,0.034,0.036,0.028,0.003,0.039,0.038,0.026,0.036,0.024,0.025,0.026,0.046,0.046,0.056,0.05,0.048,0.048,0.048,0.047,0.048,0.049,0.048,0.049

>n383634
0.052,0.027,0.032,0.041,0.036,0.024,0.004,0.037,0.025,0.018,0.023,0.031,0.038,0.032,0.039,0.056,0.057,0.048,0.048,0.047,0.048,0.047,0.048,0.047,0.048,0.047

>n383639
0.047,0.02,0.034,0.039,0.033,0.025,0.006,0.035,0.032,0.023,0.029,0.027,0.029,0.031,0.042,0.058,0.057,0.049,0.048,0.049,0.048,0.048,0.047,0.049,0.047,0.049

>n383693
0.037,0.029,0.024,0.034,0.039,0.027,0.008,0.043,0.023,0.024,0.024,0.028,0.025,0.037,0.043,0.053,0.06,0.049,0.05,0.049,0.049,0.048,0.051,0.048,0.05,0.048

>n383714
0.049,0.03,0.05,0.027,0.043,0.026,0.005,0.038,0.043,0.026,0.028,0.021,0.022,0.029,0.035,0.04,0.056,0.051,0.048,0.049,0.047,0.047,0.05,0.046,0.047,0.048

>n383718
0.028,0.025,0.032,0.03,0.037,0.043,0.007,0.054,0.028,0.03,0.027,0.022,0.021,0.043,0.041,0.043,0.057,0.05,0.048,0.048,0.049,0.047,0.048,0.048,0.049,0.046

>n383723
0.048,0.023,0.041,0.041,0.034,0.02,0.011,0.028,0.037,0.029,0.023,0.02,0.035,0.022,0.033,0.044,0.061,0.05,0.05,0.05,0.052,0.045,0.052,0.051,0.047,0.051

>n383730
0.093,0.028,0.057,0.039,0.032,0.01,0.004,0.021,0.049,0.015,0.032,0.022,0.043,0.016,0.024,0.031,0.054,0.048,0.048,0.047,0.048,0.046,0.049,0.047,0.047,0.049

>n383747
0.055,0.023,0.027,0.052,0.036,0.016,0.003,0.034,0.025,0.017,0.016,0.03,0.042,0.033,0.042,0.082,0.056,0.047,0.045,0.047,0.046,0.046,0.045,0.046,0.046,0.046

>n383749
0.039,0.023,0.031,0.023,0.027,0.039,0.015,0.039,0.028,0.032,0.028,0.026,0.021,0.028,0.039,0.035,0.064,0.052,0.05,0.05,0.054,0.052,0.051,0.05,0.052,0.052

>n383773
0.026,0.019,0.032,0.02,0.028,0.033,0.027,0.027,0.028,0.038,0.039,0.017,0.015,0.025,0.025,0.029,0.068,0.058,0.055,0.057,0.056,0.055,0.055,0.055,0.055,0.057

>n383794
0.046,0.028,0.033,0.035,0.034,0.029,0.01,0.036,0.03,0.028,0.023,0.025,0.033,0.024,0.04,0.039,0.063,0.05,0.05,0.051,0.048,0.049,0.051,0.05,0.049,0.049

>n383795
0.039,0.023,0.036,0.039,0.04,0.041,0.005,0.039,0.029,0.027,0.022,0.027,0.029,0.034,0.041,0.049,0.058,0.047,0.047,0.048,0.046,0.047,0.048,0.049,0.045,0.046

>n383802
0.051,0.022,0.032,0.053,0.031,0.018,0.005,0.037,0.031,0.018,0.017,0.026,0.045,0.032,0.038,0.071,0.056,0.047,0.047,0.046,0.048,0.045,0.045,0.047,0.046,0.047

>n383805
0.059,0.033,0.036,0.039,0.04,0.029,0.002,0.036,0.029,0.019,0.023,0.022,0.039,0.026,0.032,0.063,0.054,0.048,0.047,0.046,0.047,0.047,0.046,0.046,0.046,0.047

>n383828
0.037,0.026,0.029,0.032,0.033,0.03,0.005,0.049,0.024,0.022,0.026,0.03,0.03,0.039,0.042,0.059,0.057,0.049,0.049,0.047,0.048,0.047,0.049,0.049,0.047,0.047

>n383862
0.031,0.021,0.033,0.025,0.029,0.027,0.008,0.045,0.035,0.031,0.027,0.039,0.014,0.033,0.062,0.027,0.061,0.053,0.051,0.049,0.049,0.052,0.047,0.051,0.05,0.049

>n383884
0.037,0.02,0.037,0.026,0.034,0.031,0.014,0.035,0.032,0.036,0.037,0.021,0.017,0.026,0.037,0.027,0.064,0.054,0.052,0.053,0.051,0.049,0.055,0.051,0.053,0.05

>n383906
0.021,0.022,0.028,0.027,0.033,0.039,0.006,0.049,0.027,0.028,0.037,0.032,0.017,0.038,0.053,0.043,0.058,0.049,0.051,0.049,0.052,0.049,0.048,0.05,0.049,0.048

>n383932
0.045,0.023,0.036,0.032,0.042,0.042,0.004,0.04,0.031,0.027,0.034,0.026,0.017,0.037,0.044,0.037,0.055,0.048,0.049,0.046,0.049,0.047,0.049,0.046,0.049,0.046

>n383958
0.044,0.027,0.049,0.031,0.05,0.041,0.008,0.037,0.04,0.037,0.023,0.014,0.016,0.032,0.034,0.025,0.059,0.05,0.047,0.049,0.048,0.045,0.049,0.049,0.047,0.048

>n383986
0.088,0.029,0.024,0.083,0.036,0.009,0.001,0.026,0.03,0.009,0.006,0.016,0.071,0.026,0.03,0.071,0.054,0.04,0.045,0.044,0.044,0.041,0.045,0.042,0.046,0.041

>n383994
0.045,0.024,0.031,0.044,0.033,0.023,0.006,0.033,0.026,0.018,0.022,0.033,0.039,0.03,0.04,0.063,0.058,0.048,0.048,0.049,0.047,0.047,0.048,0.047,0.048,0.047

>n384011
0.049,0.029,0.038,0.037,0.043,0.03,0.003,0.036,0.033,0.021,0.031,0.024,0.027,0.032,0.037,0.049,0.055,0.049,0.047,0.048,0.048,0.046,0.048,0.048,0.047,0.048

>n384026
0.018,0.018,0.029,0.021,0.03,0.039,0.011,0.043,0.022,0.031,0.035,0.034,0.017,0.035,0.047,0.047,0.062,0.052,0.051,0.05,0.053,0.049,0.051,0.052,0.051,0.051

>n384030
0.034,0.031,0.037,0.014,0.037,0.036,0.017,0.035,0.034,0.033,0.04,0.023,0.011,0.026,0.036,0.011,0.064,0.054,0.053,0.054,0.054,0.053,0.054,0.053,0.056,0.052

>n384073
0.021,0.022,0.036,0.016,0.034,0.055,0.014,0.042,0.032,0.035,0.043,0.022,0.01,0.032,0.038,0.022,0.061,0.054,0.05,0.053,0.051,0.049,0.052,0.051,0.049,0.053

>n384082
0.02,0.029,0.035,0.015,0.04,0.052,0.019,0.035,0.03,0.038,0.039,0.017,0.01,0.027,0.031,0.018,0.064,0.057,0.051,0.056,0.051,0.051,0.055,0.054,0.054,0.053

>n384083
0.065,0.027,0.041,0.04,0.044,0.025,0.01,0.027,0.039,0.025,0.028,0.017,0.026,0.027,0.031,0.025,0.06,0.052,0.047,0.048,0.051,0.047,0.051,0.048,0.051,0.048

>n384091
0.018,0.022,0.031,0.017,0.032,0.042,0.024,0.032,0.031,0.042,0.039,0.019,0.008,0.024,0.036,0.017,0.069,0.059,0.052,0.056,0.055,0.057,0.054,0.056,0.054,0.056

>n384112
0.021,0.025,0.045,0.024,0.05,0.057,0.009,0.033,0.03,0.037,0.029,0.026,0.013,0.03,0.04,0.021,0.061,0.054,0.046,0.049,0.052,0.047,0.051,0.05,0.047,0.05

>n384121
0.042,0.031,0.04,0.023,0.04,0.029,0.011,0.031,0.034,0.029,0.04,0.024,0.019,0.022,0.036,0.02,0.062,0.053,0.053,0.052,0.054,0.05,0.053,0.052,0.051,0.052

>n384132
0.052,0.018,0.039,0.033,0.034,0.022,0.006,0.031,0.028,0.026,0.036,0.031,0.028,0.027,0.04,0.048,0.058,0.049,0.05,0.05,0.051,0.046,0.051,0.05,0.049,0.047

>n384140
0.04,0.024,0.038,0.032,0.032,0.03,0.003,0.045,0.031,0.023,0.035,0.027,0.031,0.032,0.041,0.047,0.056,0.05,0.048,0.048,0.049,0.047,0.047,0.048,0.048,0.048

>n384175
0.017,0.019,0.031,0.025,0.03,0.037,0.016,0.038,0.024,0.036,0.037,0.024,0.021,0.029,0.036,0.043,0.065,0.053,0.055,0.051,0.054,0.051,0.053,0.053,0.05,0.053

>n384190
0.029,0.023,0.039,0.018,0.03,0.031,0.018,0.036,0.035,0.036,0.041,0.022,0.015,0.024,0.037,0.016,0.066,0.056,0.052,0.055,0.054,0.051,0.058,0.053,0.053,0.053

>n384198
0.038,0.026,0.04,0.027,0.034,0.028,0.012,0.034,0.039,0.023,0.034,0.025,0.021,0.03,0.034,0.047,0.06,0.05,0.05,0.048,0.05,0.05,0.049,0.052,0.047,0.051

>n384200
0.042,0.022,0.04,0.035,0.034,0.022,0.014,0.026,0.034,0.03,0.029,0.021,0.029,0.022,0.031,0.041,0.063,0.051,0.051,0.051,0.053,0.048,0.052,0.053,0.049,0.054

>n384202
0.049,0.024,0.034,0.051,0.031,0.018,0.003,0.035,0.03,0.026,0.018,0.022,0.05,0.019,0.04,0.066,0.057,0.047,0.047,0.047,0.048,0.046,0.049,0.048,0.044,0.049

>n384209
0.034,0.024,0.031,0.034,0.03,0.027,0.01,0.039,0.031,0.023,0.03,0.027,0.028,0.031,0.04,0.057,0.059,0.05,0.048,0.051,0.048,0.049,0.049,0.05,0.049,0.05

>n384210
0.054,0.021,0.031,0.045,0.029,0.019,0.005,0.037,0.028,0.024,0.021,0.027,0.041,0.026,0.043,0.065,0.058,0.047,0.048,0.048,0.047,0.045,0.049,0.045,0.049,0.047

>n384212
0.051,0.023,0.038,0.039,0.031,0.021,0.006,0.031,0.032,0.021,0.024,0.031,0.037,0.023,0.04,0.057,0.06,0.049,0.047,0.051,0.048,0.045,0.05,0.047,0.048,0.05

>n384213
0.032,0.024,0.034,0.03,0.04,0.035,0.009,0.038,0.026,0.031,0.03,0.026,0.022,0.032,0.041,0.042,0.061,0.05,0.052,0.05,0.051,0.047,0.052,0.05,0.049,0.048

>n384215
0.022,0.031,0.036,0.018,0.041,0.06,0.012,0.046,0.029,0.035,0.032,0.019,0.014,0.032,0.037,0.017,0.062,0.053,0.051,0.051,0.049,0.052,0.048,0.051,0.05,0.051

>n384227
0.041,0.026,0.035,0.039,0.038,0.022,0.003,0.032,0.022,0.023,0.016,0.036,0.04,0.024,0.043,0.073,0.059,0.046,0.049,0.045,0.049,0.046,0.049,0.046,0.047,0.049

>n384228
0.047,0.024,0.029,0.027,0.035,0.022,0.017,0.029,0.026,0.032,0.032,0.023,0.018,0.025,0.036,0.037,0.065,0.056,0.05,0.054,0.053,0.052,0.053,0.052,0.051,0.056

>n384233
0.017,0.023,0.026,0.012,0.032,0.058,0.02,0.044,0.021,0.041,0.043,0.018,0.007,0.032,0.034,0.015,0.064,0.057,0.054,0.054,0.056,0.053,0.054,0.054,0.053,0.056

>n384234
0.05,0.024,0.024,0.037,0.028,0.01,0.004,0.03,0.014,0.019,0.022,0.046,0.043,0.019,0.05,0.078,0.061,0.048,0.044,0.05,0.047,0.049,0.05,0.05,0.051,0.053

>n384270
0.056,0.021,0.035,0.044,0.031,0.019,0.005,0.034,0.03,0.02,0.024,0.029,0.039,0.028,0.039,0.063,0.056,0.048,0.048,0.047,0.048,0.048,0.047,0.048,0.048,0.046

>n384285
0.061,0.023,0.042,0.04,0.032,0.022,0.004,0.032,0.05,0.021,0.031,0.023,0.022,0.024,0.048,0.046,0.054,0.051,0.046,0.049,0.047,0.046,0.048,0.047,0.045,0.046

>n384290
0.035,0.024,0.038,0.036,0.037,0.037,0.005,0.04,0.027,0.025,0.027,0.029,0.034,0.033,0.038,0.043,0.058,0.049,0.048,0.047,0.048,0.049,0.048,0.048,0.048,0.048

>n384320
0.039,0.029,0.04,0.024,0.042,0.035,0.006,0.044,0.034,0.028,0.035,0.024,0.017,0.035,0.039,0.03,0.058,0.05,0.049,0.048,0.05,0.048,0.05,0.049,0.049,0.047

>n384321
0.034,0.024,0.041,0.024,0.038,0.034,0.009,0.037,0.032,0.03,0.04,0.025,0.017,0.031,0.038,0.034,0.059,0.051,0.051,0.05,0.05,0.05,0.051,0.05,0.049,0.051

>n384325
0.051,0.028,0.035,0.039,0.037,0.023,0.005,0.034,0.033,0.023,0.029,0.028,0.032,0.024,0.044,0.039,0.059,0.049,0.049,0.049,0.049,0.047,0.05,0.048,0.049,0.048

>n384327
0.03,0.025,0.031,0.032,0.032,0.035,0.01,0.041,0.027,0.031,0.033,0.022,0.028,0.029,0.039,0.043,0.062,0.051,0.051,0.05,0.051,0.05,0.049,0.049,0.051,0.049

>n384332
0.058,0.022,0.03,0.035,0.034,0.026,0.005,0.035,0.025,0.024,0.027,0.03,0.027,0.028,0.045,0.057,0.057,0.049,0.05,0.047,0.049,0.047,0.049,0.049,0.048,0.046

>n384348
0.055,0.025,0.042,0.033,0.037,0.029,0.006,0.034,0.038,0.025,0.028,0.026,0.025,0.028,0.041,0.036,0.058,0.05,0.048,0.049,0.049,0.046,0.048,0.048,0.047,0.048

>n384353
0.054,0.028,0.046,0.029,0.035,0.028,0.016,0.026,0.05,0.027,0.027,0.015,0.018,0.023,0.03,0.029,0.061,0.051,0.051,0.052,0.05,0.05,0.049,0.053,0.049,0.051

>n384393
0.037,0.023,0.037,0.027,0.03,0.03,0.007,0.043,0.032,0.026,0.032,0.028,0.025,0.03,0.043,0.05,0.058,0.051,0.048,0.05,0.05,0.047,0.05,0.05,0.049,0.049

>n384395
0.024,0.023,0.034,0.029,0.035,0.023,0.014,0.035,0.034,0.032,0.036,0.024,0.017,0.027,0.043,0.037,0.064,0.054,0.051,0.053,0.049,0.053,0.053,0.052,0.052,0.053

>n384398
0.029,0.029,0.04,0.024,0.042,0.035,0.008,0.042,0.032,0.032,0.032,0.025,0.019,0.032,0.04,0.027,0.061,0.053,0.049,0.051,0.05,0.047,0.052,0.05,0.049,0.049

>n384422
0.056,0.028,0.042,0.04,0.041,0.024,0.004,0.033,0.042,0.021,0.028,0.023,0.027,0.029,0.04,0.042,0.056,0.047,0.047,0.047,0.048,0.045,0.048,0.047,0.046,0.047

>n384430
0.043,0.025,0.036,0.039,0.036,0.026,0.004,0.034,0.03,0.02,0.029,0.035,0.033,0.029,0.046,0.045,0.059,0.048,0.049,0.048,0.049,0.045,0.05,0.047,0.05,0.047

>n384480
0.065,0.025,0.032,0.05,0.035,0.016,0.003,0.035,0.031,0.021,0.019,0.027,0.04,0.027,0.044,0.052,0.057,0.047,0.046,0.046,0.049,0.046,0.047,0.046,0.048,0.044

>n384484
0.033,0.025,0.026,0.04,0.034,0.027,0.006,0.036,0.022,0.02,0.02,0.036,0.034,0.032,0.046,0.069,0.059,0.048,0.048,0.049,0.048,0.047,0.049,0.048,0.048,0.048

>n384496
0.022,0.024,0.036,0.015,0.047,0.063,0.009,0.058,0.016,0.044,0.03,0.017,0.011,0.047,0.032,0.024,0.059,0.054,0.049,0.048,0.05,0.048,0.051,0.05,0.05,0.047

>n384498
0.019,0.026,0.03,0.019,0.035,0.05,0.011,0.043,0.027,0.036,0.045,0.021,0.013,0.028,0.042,0.029,0.06,0.053,0.051,0.053,0.053,0.048,0.053,0.053,0.051,0.052

>n384533
0.044,0.029,0.041,0.032,0.039,0.03,0.006,0.038,0.041,0.025,0.029,0.027,0.021,0.03,0.046,0.027,0.059,0.05,0.05,0.049,0.047,0.047,0.047,0.05,0.047,0.05

>n384536
0.046,0.031,0.039,0.038,0.04,0.03,0.002,0.042,0.032,0.023,0.021,0.025,0.036,0.03,0.04,0.048,0.057,0.047,0.046,0.048,0.045,0.048,0.045,0.047,0.047,0.047

>n384558
0.049,0.028,0.032,0.042,0.041,0.023,0.006,0.032,0.029,0.019,0.024,0.028,0.033,0.031,0.038,0.052,0.059,0.048,0.048,0.05,0.048,0.048,0.048,0.048,0.049,0.047

>n384573
0.024,0.023,0.036,0.016,0.038,0.05,0.013,0.041,0.029,0.035,0.041,0.024,0.008,0.034,0.04,0.021,0.062,0.053,0.049,0.052,0.053,0.052,0.05,0.053,0.05,0.052

>n384580
0.044,0.027,0.035,0.027,0.036,0.033,0.011,0.038,0.03,0.029,0.029,0.023,0.022,0.03,0.035,0.038,0.061,0.052,0.049,0.051,0.05,0.049,0.052,0.05,0.051,0.049

>n384605
0.032,0.034,0.026,0.023,0.038,0.044,0.019,0.033,0.032,0.031,0.026,0.019,0.014,0.025,0.036,0.027,0.066,0.056,0.049,0.054,0.056,0.049,0.055,0.053,0.049,0.055

>n384624
0.049,0.019,0.039,0.024,0.036,0.037,0.018,0.021,0.032,0.033,0.033,0.025,0.015,0.023,0.032,0.023,0.064,0.054,0.052,0.055,0.051,0.055,0.052,0.055,0.052,0.054

>n384625
0.064,0.023,0.031,0.055,0.029,0.016,0.002,0.032,0.028,0.014,0.015,0.03,0.052,0.026,0.038,0.08,0.055,0.046,0.047,0.045,0.044,0.046,0.046,0.044,0.046,0.045

>n384643
0.043,0.022,0.033,0.039,0.031,0.021,0.009,0.031,0.029,0.021,0.023,0.032,0.036,0.028,0.04,0.057,0.061,0.049,0.049,0.05,0.05,0.048,0.05,0.049,0.049,0.05

>n384655
0.043,0.029,0.036,0.02,0.036,0.029,0.013,0.034,0.033,0.028,0.036,0.026,0.016,0.026,0.037,0.033,0.061,0.053,0.05,0.052,0.053,0.049,0.052,0.053,0.051,0.052

>n384656
0.058,0.028,0.048,0.031,0.053,0.036,0.005,0.036,0.037,0.028,0.028,0.019,0.017,0.037,0.031,0.028,0.056,0.047,0.046,0.048,0.047,0.047,0.046,0.049,0.049,0.044

>n384684
0.049,0.021,0.041,0.041,0.034,0.024,0.005,0.029,0.032,0.021,0.025,0.03,0.038,0.025,0.037,0.063,0.057,0.048,0.048,0.048,0.047,0.047,0.047,0.048,0.046,0.047

>n384686
0.05,0.026,0.034,0.041,0.032,0.015,0.009,0.027,0.029,0.022,0.02,0.032,0.04,0.02,0.039,0.055,0.063,0.049,0.048,0.052,0.049,0.049,0.051,0.049,0.049,0.05

>n384690
0.04,0.025,0.04,0.031,0.034,0.026,0.01,0.033,0.037,0.027,0.033,0.024,0.025,0.025,0.038,0.041,0.06,0.052,0.05,0.05,0.05,0.049,0.051,0.049,0.05,0.051

>n384700
0.057,0.028,0.032,0.04,0.033,0.023,0.008,0.029,0.033,0.017,0.032,0.026,0.034,0.024,0.036,0.05,0.058,0.049,0.051,0.048,0.05,0.048,0.049,0.047,0.05,0.048

>n384703
0.038,0.022,0.033,0.035,0.032,0.029,0.01,0.034,0.029,0.026,0.031,0.027,0.029,0.027,0.039,0.045,0.06,0.051,0.05,0.05,0.05,0.051,0.048,0.051,0.049,0.051

>n384720
0.059,0.028,0.042,0.038,0.039,0.027,0.003,0.037,0.031,0.02,0.023,0.026,0.038,0.031,0.033,0.049,0.056,0.048,0.046,0.048,0.047,0.046,0.046,0.048,0.046,0.047

>n384738
0.041,0.051,0.02,0.041,0.048,0.054,0.01,0.058,0.013,0.022,0.008,0.009,0.05,0.043,0.015,0.024,0.062,0.05,0.045,0.048,0.05,0.046,0.05,0.048,0.046,0.05

>n384742
0.019,0.022,0.034,0.019,0.031,0.019,0.002,0.039,0.027,0.027,0.034,0.053,0.015,0.024,0.07,0.046,0.062,0.053,0.048,0.055,0.048,0.049,0.053,0.052,0.05,0.047

>n384750
0.036,0.026,0.042,0.024,0.042,0.042,0.008,0.038,0.032,0.03,0.038,0.022,0.019,0.03,0.035,0.03,0.059,0.051,0.049,0.05,0.049,0.049,0.049,0.05,0.049,0.049

>n384754
0.057,0.028,0.031,0.049,0.034,0.02,0.002,0.037,0.03,0.014,0.02,0.026,0.044,0.031,0.037,0.072,0.054,0.048,0.045,0.046,0.046,0.046,0.046,0.045,0.046,0.045

>n384755
0.053,0.028,0.039,0.031,0.036,0.023,0.008,0.026,0.033,0.025,0.039,0.028,0.029,0.016,0.039,0.028,0.062,0.05,0.05,0.052,0.05,0.051,0.05,0.051,0.051,0.051

>n384757
0.029,0.026,0.042,0.026,0.04,0.027,0.004,0.044,0.029,0.029,0.024,0.032,0.026,0.032,0.044,0.055,0.06,0.046,0.051,0.045,0.05,0.044,0.057,0.044,0.051,0.044

>n384758
0.041,0.024,0.036,0.03,0.035,0.028,0.008,0.035,0.029,0.029,0.03,0.03,0.025,0.026,0.044,0.043,0.062,0.05,0.05,0.05,0.052,0.045,0.054,0.049,0.05,0.047

>n384767
0.033,0.017,0.025,0.048,0.03,0.018,0.003,0.037,0.024,0.015,0.019,0.035,0.037,0.037,0.046,0.112,0.053,0.047,0.047,0.046,0.046,0.044,0.047,0.046,0.045,0.046

>n384770
0.051,0.023,0.029,0.05,0.03,0.018,0.003,0.034,0.025,0.015,0.019,0.034,0.048,0.028,0.041,0.075,0.056,0.047,0.046,0.048,0.046,0.047,0.047,0.047,0.046,0.047

>n384841
0.032,0.026,0.038,0.024,0.037,0.031,0.012,0.034,0.033,0.029,0.031,0.03,0.019,0.028,0.042,0.026,0.064,0.052,0.052,0.049,0.053,0.05,0.051,0.053,0.05,0.052

>n384858
0.051,0.029,0.039,0.035,0.042,0.03,0.004,0.034,0.032,0.024,0.029,0.026,0.029,0.028,0.039,0.04,0.057,0.049,0.047,0.048,0.048,0.048,0.048,0.048,0.047,0.049

>n384927
0.041,0.022,0.045,0.029,0.036,0.036,0.003,0.037,0.033,0.021,0.033,0.034,0.027,0.034,0.039,0.046,0.056,0.048,0.048,0.046,0.047,0.047,0.048,0.047,0.047,0.048

>n384936
0.047,0.025,0.037,0.033,0.039,0.033,0.004,0.04,0.027,0.028,0.028,0.027,0.027,0.03,0.043,0.044,0.058,0.048,0.049,0.049,0.047,0.046,0.049,0.049,0.046,0.048

>n384946
0.051,0.026,0.037,0.03,0.034,0.031,0.01,0.036,0.032,0.027,0.03,0.022,0.027,0.027,0.034,0.04,0.06,0.051,0.05,0.049,0.05,0.05,0.049,0.05,0.048,0.05

>n384964
0.028,0.021,0.034,0.026,0.033,0.034,0.011,0.039,0.026,0.034,0.033,0.027,0.022,0.028,0.042,0.039,0.062,0.054,0.051,0.051,0.051,0.05,0.051,0.052,0.05,0.05

>n384975
0.058,0.027,0.045,0.036,0.037,0.023,0.006,0.035,0.042,0.025,0.031,0.019,0.028,0.027,0.036,0.03,0.057,0.05,0.047,0.049,0.049,0.048,0.049,0.048,0.049,0.048

>n384996
0.037,0.025,0.038,0.029,0.031,0.027,0.005,0.041,0.029,0.024,0.026,0.03,0.032,0.029,0.039,0.065,0.059,0.049,0.049,0.049,0.047,0.048,0.048,0.048,0.05,0.046

>n385002
0.036,0.025,0.035,0.03,0.034,0.033,0.009,0.037,0.026,0.027,0.026,0.028,0.029,0.028,0.038,0.052,0.06,0.052,0.049,0.049,0.049,0.049,0.05,0.049,0.049,0.049

>n385036
0.039,0.028,0.04,0.029,0.043,0.033,0.006,0.042,0.034,0.027,0.03,0.021,0.021,0.037,0.035,0.045,0.056,0.05,0.047,0.049,0.048,0.047,0.049,0.048,0.048,0.047

>n385039
0.055,0.032,0.033,0.039,0.041,0.021,0.005,0.037,0.03,0.016,0.021,0.029,0.032,0.036,0.036,0.058,0.058,0.045,0.05,0.045,0.049,0.045,0.048,0.047,0.048,0.046

>n385044
0.035,0.024,0.036,0.029,0.037,0.029,0.008,0.041,0.028,0.028,0.03,0.029,0.023,0.035,0.042,0.041,0.06,0.051,0.049,0.051,0.049,0.049,0.05,0.048,0.049,0.05

>n385059
0.056,0.026,0.046,0.039,0.039,0.024,0.003,0.033,0.043,0.023,0.033,0.026,0.028,0.026,0.042,0.03,0.056,0.048,0.047,0.048,0.049,0.046,0.049,0.046,0.048,0.047

>n385064
0.017,0.019,0.038,0.01,0.034,0.047,0.018,0.037,0.025,0.043,0.042,0.025,0.009,0.026,0.038,0.019,0.067,0.055,0.054,0.054,0.054,0.053,0.054,0.055,0.052,0.055

>n385069
0.06,0.021,0.034,0.039,0.029,0.022,0.008,0.033,0.031,0.023,0.025,0.026,0.035,0.026,0.038,0.057,0.058,0.049,0.05,0.048,0.049,0.048,0.047,0.05,0.048,0.048

>n385102
0.028,0.022,0.036,0.024,0.034,0.037,0.014,0.038,0.027,0.035,0.034,0.023,0.02,0.029,0.035,0.035,0.063,0.052,0.051,0.053,0.051,0.051,0.052,0.052,0.051,0.051

>n385106
0.057,0.025,0.036,0.044,0.034,0.018,0.003,0.034,0.037,0.02,0.027,0.027,0.035,0.026,0.044,0.047,0.056,0.049,0.047,0.048,0.048,0.047,0.047,0.049,0.047,0.048

>n385119
0.043,0.026,0.031,0.029,0.033,0.043,0.012,0.043,0.024,0.029,0.021,0.019,0.029,0.033,0.029,0.05,0.062,0.048,0.049,0.049,0.049,0.05,0.049,0.05,0.049,0.049

>n385123
0.04,0.024,0.029,0.039,0.034,0.029,0.008,0.039,0.025,0.023,0.026,0.026,0.033,0.033,0.037,0.062,0.059,0.049,0.048,0.049,0.048,0.047,0.05,0.048,0.048,0.049

>n385130
0.039,0.026,0.039,0.026,0.036,0.032,0.01,0.04,0.029,0.03,0.029,0.026,0.025,0.029,0.037,0.034,0.062,0.052,0.049,0.051,0.051,0.05,0.049,0.051,0.05,0.049

>n385139
0.055,0.022,0.035,0.04,0.03,0.023,0.012,0.03,0.033,0.026,0.023,0.02,0.034,0.025,0.031,0.054,0.061,0.05,0.048,0.051,0.048,0.049,0.047,0.05,0.049,0.052

>n385140
0.06,0.024,0.031,0.05,0.034,0.028,0.004,0.034,0.03,0.018,0.021,0.027,0.042,0.031,0.039,0.052,0.057,0.046,0.046,0.047,0.048,0.045,0.048,0.047,0.046,0.046

>n385145
0.029,0.019,0.042,0.023,0.03,0.03,0.008,0.037,0.034,0.028,0.04,0.033,0.021,0.028,0.045,0.037,0.061,0.052,0.05,0.052,0.049,0.051,0.049,0.052,0.05,0.051

>n385150
0.043,0.026,0.034,0.031,0.038,0.032,0.01,0.04,0.032,0.028,0.029,0.021,0.022,0.032,0.037,0.042,0.059,0.052,0.048,0.049,0.05,0.048,0.05,0.049,0.049,0.048

>n385185
0.054,0.023,0.033,0.05,0.031,0.018,0.002,0.035,0.03,0.017,0.019,0.031,0.046,0.028,0.042,0.072,0.056,0.046,0.047,0.046,0.046,0.046,0.046,0.047,0.046,0.045

>n385187
0.043,0.039,0.026,0.025,0.044,0.057,0.009,0.053,0.022,0.025,0.02,0.018,0.025,0.042,0.029,0.033,0.058,0.051,0.047,0.048,0.048,0.047,0.049,0.047,0.048,0.047

>n385188
0.021,0.022,0.033,0.011,0.031,0.048,0.024,0.033,0.028,0.037,0.045,0.022,0.007,0.029,0.029,0.017,0.065,0.057,0.055,0.057,0.055,0.054,0.054,0.056,0.054,0.056

>n385192
0.038,0.025,0.044,0.031,0.042,0.033,0.007,0.037,0.038,0.031,0.028,0.022,0.021,0.029,0.041,0.036,0.059,0.05,0.048,0.05,0.049,0.049,0.049,0.048,0.047,0.05

>n385195
0.027,0.023,0.04,0.027,0.04,0.032,0.011,0.035,0.036,0.033,0.031,0.026,0.014,0.029,0.044,0.038,0.061,0.052,0.049,0.052,0.05,0.051,0.051,0.049,0.048,0.052

>n385202
0.016,0.019,0.028,0.016,0.037,0.062,0.015,0.054,0.015,0.044,0.031,0.018,0.01,0.043,0.034,0.027,0.063,0.056,0.05,0.051,0.051,0.05,0.053,0.052,0.053,0.048

>n385203
0.041,0.025,0.043,0.027,0.035,0.025,0.012,0.029,0.039,0.028,0.035,0.024,0.022,0.023,0.036,0.033,0.062,0.053,0.051,0.051,0.052,0.049,0.051,0.052,0.049,0.05

>n385204
0.05,0.031,0.037,0.031,0.036,0.038,0.011,0.037,0.041,0.026,0.022,0.02,0.021,0.029,0.038,0.032,0.059,0.053,0.049,0.046,0.049,0.048,0.049,0.05,0.048,0.05

>n385210
0.053,0.021,0.033,0.031,0.027,0.021,0.014,0.031,0.033,0.026,0.028,0.028,0.026,0.026,0.039,0.038,0.063,0.053,0.051,0.052,0.05,0.051,0.052,0.051,0.052,0.051

>n385218
0.02,0.02,0.038,0.018,0.033,0.048,0.011,0.037,0.028,0.033,0.048,0.027,0.014,0.028,0.04,0.031,0.061,0.051,0.052,0.052,0.052,0.05,0.053,0.052,0.05,0.052

>n385219
0.036,0.028,0.034,0.028,0.037,0.041,0.01,0.044,0.033,0.021,0.026,0.028,0.019,0.043,0.038,0.033,0.06,0.05,0.048,0.051,0.049,0.047,0.046,0.051,0.048,0.05

>n385223
0.036,0.021,0.034,0.033,0.034,0.026,0.013,0.03,0.029,0.027,0.038,0.025,0.024,0.029,0.035,0.046,0.061,0.052,0.052,0.051,0.053,0.049,0.052,0.052,0.05,0.05

>n385224
0.023,0.028,0.033,0.017,0.041,0.062,0.019,0.037,0.025,0.041,0.028,0.018,0.011,0.027,0.033,0.015,0.066,0.056,0.049,0.055,0.053,0.051,0.054,0.053,0.051,0.053

>n385225
0.037,0.025,0.034,0.031,0.036,0.044,0.011,0.039,0.033,0.024,0.027,0.025,0.022,0.037,0.037,0.036,0.059,0.051,0.049,0.05,0.049,0.047,0.048,0.05,0.047,0.05

>n385229
0.065,0.024,0.025,0.056,0.032,0.014,0.002,0.028,0.022,0.014,0.013,0.034,0.051,0.024,0.043,0.082,0.055,0.046,0.045,0.047,0.046,0.046,0.046,0.046,0.046,0.046

>n385240
0.017,0.019,0.031,0.023,0.035,0.039,0.015,0.04,0.027,0.036,0.041,0.027,0.011,0.035,0.043,0.024,0.063,0.057,0.049,0.055,0.054,0.048,0.051,0.053,0.054,0.053

>n385245
0.058,0.03,0.032,0.046,0.034,0.015,0.004,0.039,0.028,0.016,0.02,0.025,0.046,0.031,0.033,0.064,0.055,0.048,0.046,0.047,0.048,0.047,0.046,0.047,0.047,0.047

>n385255
0.079,0.03,0.025,0.054,0.035,0.014,0.001,0.038,0.02,0.016,0.021,0.02,0.054,0.027,0.029,0.064,0.055,0.047,0.048,0.046,0.047,0.046,0.045,0.046,0.043,0.05

>n385256
0.05,0.027,0.034,0.036,0.036,0.022,0.002,0.04,0.031,0.022,0.032,0.026,0.03,0.03,0.042,0.056,0.056,0.047,0.047,0.049,0.048,0.047,0.049,0.047,0.049,0.047

>n385261
0.04,0.027,0.028,0.044,0.038,0.026,0.004,0.036,0.021,0.02,0.021,0.032,0.04,0.032,0.04,0.064,0.059,0.046,0.049,0.047,0.049,0.046,0.049,0.046,0.049,0.045

>n385272
0.038,0.022,0.037,0.037,0.033,0.037,0.002,0.049,0.029,0.022,0.025,0.03,0.033,0.041,0.041,0.05,0.056,0.047,0.048,0.046,0.046,0.046,0.046,0.047,0.045,0.046

>n385273
0.036,0.025,0.036,0.029,0.044,0.046,0.006,0.042,0.026,0.027,0.027,0.029,0.02,0.04,0.04,0.04,0.057,0.049,0.047,0.049,0.047,0.048,0.048,0.048,0.048,0.047

>n385274
0.037,0.026,0.034,0.026,0.034,0.038,0.011,0.04,0.031,0.03,0.032,0.024,0.021,0.029,0.04,0.027,0.062,0.051,0.05,0.052,0.051,0.048,0.052,0.051,0.048,0.053

>n385287
0.048,0.031,0.036,0.033,0.035,0.029,0.007,0.039,0.036,0.021,0.03,0.024,0.027,0.031,0.038,0.039,0.058,0.049,0.049,0.049,0.049,0.049,0.049,0.049,0.047,0.049

>n385291
0.051,0.022,0.031,0.043,0.032,0.021,0.005,0.03,0.028,0.017,0.025,0.035,0.035,0.029,0.044,0.065,0.057,0.048,0.048,0.048,0.048,0.045,0.049,0.048,0.048,0.048

>n385302
0.078,0.019,0.054,0.052,0.036,0.013,0.001,0.022,0.048,0.014,0.025,0.026,0.042,0.026,0.032,0.049,0.052,0.046,0.045,0.046,0.046,0.045,0.046,0.046,0.046,0.046

>n385310
0.051,0.031,0.038,0.028,0.046,0.025,0.014,0.027,0.038,0.03,0.03,0.017,0.014,0.026,0.033,0.026,0.063,0.052,0.051,0.051,0.051,0.05,0.054,0.052,0.05,0.051

>n385315
0.048,0.026,0.033,0.025,0.032,0.028,0.015,0.029,0.031,0.027,0.036,0.026,0.022,0.023,0.035,0.03,0.064,0.053,0.052,0.053,0.052,0.05,0.052,0.053,0.052,0.052

>n385318
0.028,0.023,0.029,0.027,0.032,0.028,0.008,0.043,0.022,0.025,0.028,0.034,0.025,0.035,0.044,0.064,0.06,0.051,0.049,0.049,0.051,0.048,0.05,0.05,0.049,0.049

>n385370
0.052,0.021,0.031,0.052,0.033,0.021,0.001,0.035,0.028,0.017,0.023,0.027,0.043,0.031,0.04,0.082,0.054,0.048,0.046,0.046,0.046,0.044,0.044,0.046,0.045,0.047

>n385405
0.041,0.029,0.037,0.043,0.044,0.025,0.004,0.041,0.033,0.021,0.022,0.025,0.032,0.038,0.038,0.05,0.057,0.047,0.046,0.049,0.047,0.046,0.046,0.046,0.047,0.048

>n385408
0.054,0.021,0.036,0.033,0.032,0.026,0.014,0.03,0.031,0.027,0.029,0.021,0.026,0.029,0.029,0.043,0.061,0.052,0.051,0.052,0.05,0.051,0.051,0.051,0.051,0.051

>n385425
0.081,0.027,0.04,0.05,0.031,0.012,0.007,0.023,0.037,0.016,0.023,0.022,0.048,0.018,0.028,0.044,0.058,0.046,0.05,0.049,0.048,0.048,0.048,0.049,0.047,0.049

>n385430
0.036,0.02,0.034,0.037,0.028,0.027,0.005,0.04,0.025,0.021,0.025,0.036,0.038,0.031,0.043,0.069,0.058,0.048,0.049,0.048,0.046,0.048,0.047,0.048,0.048,0.046

>n385434
0.053,0.022,0.034,0.044,0.033,0.02,0.004,0.032,0.027,0.018,0.02,0.032,0.039,0.03,0.04,0.076,0.057,0.045,0.048,0.046,0.046,0.047,0.047,0.046,0.047,0.047

>n385467
0.051,0.028,0.036,0.033,0.041,0.028,0.006,0.036,0.029,0.025,0.032,0.026,0.027,0.031,0.038,0.038,0.059,0.049,0.049,0.049,0.049,0.046,0.05,0.048,0.049,0.048

>n385468
0.036,0.019,0.03,0.031,0.03,0.032,0.008,0.04,0.025,0.024,0.028,0.034,0.026,0.035,0.044,0.057,0.059,0.049,0.049,0.051,0.048,0.049,0.05,0.048,0.05,0.048

>n385480
0.055,0.02,0.029,0.05,0.034,0.02,0.002,0.033,0.026,0.017,0.018,0.032,0.039,0.032,0.044,0.082,0.055,0.046,0.046,0.046,0.046,0.045,0.046,0.047,0.045,0.045

>n385481
0.047,0.026,0.035,0.04,0.033,0.019,0.003,0.039,0.033,0.021,0.027,0.028,0.035,0.028,0.044,0.058,0.057,0.047,0.048,0.048,0.046,0.048,0.048,0.049,0.046,0.047

>n385488
0.031,0.021,0.034,0.032,0.034,0.035,0.009,0.039,0.031,0.026,0.036,0.025,0.022,0.035,0.038,0.049,0.059,0.05,0.048,0.05,0.049,0.048,0.049,0.049,0.051,0.05

>n385511
0.036,0.022,0.035,0.031,0.036,0.031,0.013,0.031,0.031,0.027,0.032,0.027,0.022,0.03,0.037,0.038,0.062,0.053,0.05,0.052,0.05,0.052,0.05,0.051,0.05,0.051

>n385512
0.033,0.025,0.04,0.028,0.037,0.03,0.006,0.038,0.034,0.027,0.037,0.028,0.022,0.029,0.043,0.041,0.058,0.05,0.05,0.049,0.049,0.05,0.05,0.049,0.049,0.049

>n385516
0.038,0.023,0.047,0.021,0.041,0.036,0.006,0.041,0.029,0.032,0.038,0.025,0.022,0.032,0.032,0.034,0.059,0.05,0.048,0.052,0.049,0.048,0.049,0.051,0.049,0.048

>n385519
0.044,0.03,0.043,0.036,0.044,0.027,0.004,0.036,0.043,0.025,0.026,0.022,0.021,0.029,0.044,0.038,0.058,0.051,0.046,0.049,0.048,0.046,0.047,0.048,0.047,0.048

>n385527
0.017,0.022,0.04,0.018,0.04,0.043,0.005,0.039,0.028,0.031,0.055,0.033,0.011,0.032,0.047,0.018,0.059,0.054,0.051,0.052,0.049,0.051,0.051,0.05,0.05,0.052

>n385531
0.054,0.026,0.035,0.05,0.036,0.017,0.002,0.035,0.039,0.015,0.022,0.027,0.035,0.032,0.044,0.064,0.054,0.047,0.046,0.046,0.046,0.044,0.047,0.046,0.046,0.046

>n385569
0.051,0.033,0.037,0.04,0.048,0.035,0.004,0.033,0.031,0.02,0.022,0.024,0.031,0.033,0.034,0.043,0.057,0.047,0.047,0.047,0.048,0.046,0.048,0.046,0.048,0.047

>n385631
0.039,0.02,0.048,0.028,0.036,0.021,0.006,0.035,0.035,0.026,0.027,0.034,0.025,0.03,0.041,0.054,0.059,0.05,0.047,0.049,0.049,0.047,0.049,0.047,0.049,0.048

>n385632
0.027,0.023,0.032,0.019,0.031,0.026,0.019,0.039,0.03,0.037,0.034,0.024,0.012,0.028,0.041,0.027,0.067,0.056,0.052,0.055,0.053,0.052,0.053,0.056,0.051,0.054

>n385638
0.054,0.023,0.038,0.048,0.027,0.02,0.002,0.034,0.034,0.013,0.026,0.031,0.047,0.028,0.038,0.065,0.054,0.048,0.045,0.046,0.047,0.047,0.045,0.047,0.046,0.047

>n385667
0.045,0.03,0.033,0.038,0.04,0.038,0.003,0.047,0.028,0.018,0.018,0.027,0.033,0.042,0.037,0.056,0.056,0.047,0.046,0.045,0.047,0.044,0.046,0.046,0.045,0.047

>n385679
0.032,0.022,0.039,0.027,0.037,0.037,0.011,0.038,0.03,0.029,0.034,0.026,0.021,0.035,0.036,0.034,0.06,0.052,0.049,0.05,0.051,0.049,0.051,0.05,0.05,0.049

>n385685
0.053,0.023,0.03,0.05,0.033,0.017,0.002,0.031,0.029,0.017,0.021,0.031,0.041,0.026,0.045,0.074,0.056,0.046,0.047,0.047,0.046,0.047,0.047,0.047,0.045,0.047

>n385688
0.054,0.025,0.039,0.032,0.033,0.02,0.008,0.034,0.033,0.024,0.029,0.024,0.031,0.026,0.034,0.056,0.058,0.049,0.051,0.049,0.048,0.049,0.048,0.049,0.048,0.048

>n385707
0.048,0.021,0.043,0.037,0.036,0.019,0.003,0.034,0.038,0.022,0.03,0.032,0.026,0.029,0.046,0.051,0.057,0.051,0.045,0.05,0.047,0.047,0.046,0.049,0.047,0.047

>n385709
0.036,0.024,0.037,0.025,0.031,0.031,0.007,0.038,0.033,0.027,0.037,0.027,0.022,0.026,0.042,0.048,0.059,0.052,0.051,0.05,0.05,0.049,0.051,0.049,0.05,0.049

>n385725
0.054,0.043,0.029,0.033,0.042,0.049,0.014,0.037,0.024,0.021,0.015,0.015,0.039,0.029,0.017,0.027,0.062,0.052,0.049,0.05,0.05,0.049,0.05,0.05,0.049,0.051

>n385727
0.041,0.054,0.018,0.036,0.05,0.054,0.012,0.056,0.012,0.022,0.009,0.008,0.044,0.042,0.013,0.027,0.062,0.051,0.046,0.049,0.05,0.047,0.05,0.049,0.046,0.051

>n385729
0.053,0.049,0.023,0.039,0.056,0.066,0.011,0.047,0.014,0.021,0.008,0.009,0.041,0.043,0.01,0.027,0.06,0.049,0.046,0.048,0.049,0.043,0.05,0.048,0.045,0.047

>n385730
0.044,0.05,0.023,0.037,0.055,0.064,0.01,0.032,0.015,0.016,0.017,0.021,0.039,0.032,0.019,0.024,0.062,0.048,0.048,0.05,0.048,0.05,0.045,0.051,0.051,0.049

>n385758
0.031,0.026,0.038,0.026,0.039,0.036,0.007,0.041,0.031,0.03,0.039,0.025,0.019,0.032,0.041,0.033,0.058,0.052,0.049,0.051,0.05,0.049,0.05,0.049,0.049,0.05

>n385760
0.031,0.02,0.042,0.027,0.035,0.031,0.008,0.032,0.035,0.027,0.048,0.032,0.019,0.028,0.044,0.026,0.06,0.053,0.05,0.051,0.052,0.049,0.049,0.051,0.05,0.051

>n385765
0.023,0.025,0.034,0.025,0.041,0.032,0.014,0.03,0.027,0.035,0.038,0.027,0.015,0.025,0.041,0.026,0.067,0.053,0.053,0.052,0.054,0.051,0.055,0.053,0.052,0.053

>n385775
0.036,0.027,0.037,0.035,0.041,0.035,0.002,0.047,0.029,0.024,0.028,0.023,0.028,0.04,0.038,0.053,0.056,0.046,0.047,0.048,0.046,0.048,0.046,0.045,0.048,0.046

>n385780
0.032,0.018,0.038,0.022,0.033,0.042,0.015,0.031,0.028,0.033,0.034,0.029,0.017,0.028,0.037,0.033,0.062,0.053,0.05,0.054,0.055,0.047,0.052,0.052,0.049,0.054

>n385783
0.053,0.025,0.041,0.039,0.037,0.025,0.003,0.034,0.033,0.02,0.032,0.026,0.035,0.029,0.036,0.049,0.056,0.049,0.048,0.048,0.047,0.047,0.048,0.047,0.047,0.048

>n385786
0.025,0.025,0.033,0.036,0.037,0.034,0.005,0.041,0.029,0.021,0.027,0.031,0.028,0.037,0.042,0.063,0.058,0.05,0.047,0.049,0.048,0.046,0.048,0.047,0.047,0.049

>n385787
0.039,0.023,0.038,0.038,0.035,0.027,0.006,0.038,0.034,0.024,0.03,0.026,0.03,0.033,0.039,0.052,0.058,0.048,0.047,0.048,0.049,0.046,0.049,0.047,0.047,0.048

>n385792
0.051,0.022,0.039,0.034,0.033,0.019,0.006,0.024,0.038,0.023,0.037,0.034,0.024,0.019,0.049,0.042,0.059,0.054,0.043,0.054,0.052,0.044,0.053,0.052,0.044,0.052

>n385793
0.046,0.025,0.042,0.035,0.035,0.027,0.005,0.036,0.04,0.024,0.036,0.023,0.027,0.026,0.042,0.037,0.056,0.05,0.048,0.049,0.05,0.046,0.049,0.049,0.048,0.049

>n385801
0.036,0.026,0.036,0.044,0.036,0.026,0.005,0.036,0.038,0.019,0.026,0.027,0.032,0.032,0.043,0.054,0.057,0.048,0.047,0.049,0.047,0.046,0.047,0.047,0.047,0.048

>n385802
0.04,0.028,0.032,0.045,0.037,0.02,0.005,0.033,0.032,0.019,0.024,0.028,0.036,0.027,0.042,0.061,0.059,0.048,0.048,0.047,0.05,0.046,0.048,0.049,0.047,0.048

>n385806
0.054,0.029,0.041,0.036,0.043,0.027,0.004,0.035,0.035,0.022,0.029,0.025,0.029,0.03,0.037,0.04,0.057,0.048,0.049,0.048,0.048,0.047,0.049,0.046,0.049,0.047

>n385812
0.049,0.028,0.031,0.042,0.037,0.03,0.004,0.038,0.026,0.024,0.023,0.026,0.037,0.028,0.041,0.045,0.058,0.047,0.049,0.049,0.045,0.05,0.046,0.05,0.048,0.047

>n385813
0.053,0.031,0.027,0.038,0.036,0.022,0.009,0.034,0.029,0.019,0.023,0.023,0.031,0.029,0.035,0.056,0.059,0.051,0.048,0.048,0.049,0.047,0.05,0.05,0.047,0.051

>n385822
0.038,0.024,0.04,0.031,0.034,0.029,0.011,0.036,0.039,0.031,0.028,0.022,0.022,0.025,0.041,0.033,0.062,0.051,0.049,0.052,0.05,0.05,0.05,0.05,0.049,0.05

>n385829
0.018,0.021,0.033,0.014,0.028,0.052,0.018,0.04,0.03,0.038,0.053,0.02,0.009,0.028,0.036,0.017,0.064,0.056,0.052,0.054,0.055,0.05,0.055,0.053,0.052,0.054

>n385835
0.042,0.028,0.03,0.048,0.041,0.028,0.002,0.036,0.026,0.02,0.028,0.026,0.039,0.03,0.042,0.053,0.057,0.046,0.05,0.046,0.048,0.045,0.049,0.046,0.047,0.046

>n385842
0.027,0.025,0.034,0.03,0.042,0.04,0.007,0.04,0.027,0.033,0.037,0.023,0.02,0.031,0.043,0.037,0.059,0.05,0.05,0.05,0.049,0.05,0.049,0.05,0.049,0.05

>n385849
0.057,0.021,0.039,0.031,0.032,0.024,0.009,0.028,0.03,0.025,0.03,0.029,0.029,0.023,0.036,0.047,0.06,0.05,0.048,0.05,0.05,0.051,0.048,0.05,0.05,0.05

>n385902
0.029,0.023,0.066,0.015,0.045,0.037,0.006,0.033,0.052,0.042,0.054,0.015,0.008,0.017,0.038,0.008,0.058,0.054,0.048,0.054,0.05,0.048,0.05,0.05,0.049,0.051

>n385914
0.017,0.023,0.04,0.012,0.039,0.051,0.013,0.041,0.029,0.042,0.044,0.02,0.008,0.028,0.037,0.02,0.063,0.055,0.051,0.054,0.053,0.049,0.052,0.053,0.051,0.053

>n385947
0.021,0.027,0.035,0.029,0.041,0.028,0.004,0.041,0.031,0.022,0.041,0.037,0.019,0.037,0.052,0.03,0.059,0.051,0.049,0.051,0.051,0.047,0.049,0.049,0.048,0.052

>n385951
0.037,0.026,0.03,0.036,0.029,0.035,0.007,0.045,0.028,0.018,0.024,0.027,0.036,0.035,0.035,0.068,0.057,0.047,0.05,0.047,0.047,0.046,0.047,0.048,0.046,0.049

>n385991
0.044,0.029,0.043,0.03,0.039,0.032,0.007,0.037,0.042,0.026,0.027,0.027,0.021,0.028,0.045,0.028,0.059,0.05,0.049,0.049,0.048,0.047,0.048,0.05,0.047,0.05

>n386025
0.036,0.026,0.034,0.033,0.032,0.02,0.005,0.041,0.028,0.019,0.026,0.032,0.032,0.033,0.041,0.07,0.058,0.049,0.047,0.049,0.047,0.049,0.048,0.048,0.049,0.046

>n386029
0.041,0.024,0.037,0.034,0.034,0.025,0.005,0.041,0.029,0.023,0.028,0.031,0.031,0.033,0.042,0.047,0.059,0.048,0.049,0.049,0.049,0.048,0.048,0.048,0.049,0.048

>n386034
0.052,0.026,0.038,0.04,0.032,0.016,0.003,0.034,0.034,0.02,0.028,0.029,0.037,0.023,0.042,0.061,0.057,0.048,0.048,0.046,0.049,0.046,0.048,0.047,0.048,0.048

>n386063
0.041,0.025,0.03,0.024,0.03,0.037,0.017,0.035,0.026,0.025,0.026,0.026,0.022,0.032,0.031,0.044,0.063,0.052,0.052,0.052,0.052,0.05,0.052,0.052,0.053,0.051

>n386067
0.044,0.025,0.046,0.025,0.03,0.026,0.012,0.031,0.039,0.03,0.034,0.023,0.028,0.018,0.034,0.028,0.063,0.053,0.049,0.052,0.051,0.051,0.052,0.051,0.052,0.051

>n386097
0.041,0.018,0.033,0.033,0.019,0.015,0.011,0.033,0.03,0.021,0.026,0.036,0.034,0.024,0.044,0.069,0.061,0.05,0.05,0.048,0.051,0.05,0.051,0.051,0.051,0.049

>n386098
0.037,0.024,0.04,0.032,0.036,0.025,0.009,0.033,0.037,0.027,0.026,0.028,0.021,0.027,0.044,0.047,0.06,0.05,0.049,0.049,0.052,0.048,0.05,0.051,0.048,0.048

>n386100
0.034,0.026,0.031,0.029,0.039,0.027,0.013,0.034,0.032,0.029,0.031,0.027,0.016,0.031,0.043,0.032,0.063,0.053,0.051,0.052,0.052,0.05,0.052,0.052,0.049,0.053

>n386108
0.03,0.023,0.035,0.02,0.033,0.052,0.01,0.047,0.031,0.025,0.04,0.026,0.014,0.041,0.037,0.032,0.055,0.05,0.051,0.049,0.051,0.049,0.049,0.049,0.05,0.049

>n386110
0.051,0.025,0.046,0.029,0.038,0.034,0.004,0.036,0.039,0.028,0.038,0.022,0.022,0.026,0.039,0.032,0.055,0.051,0.047,0.051,0.048,0.048,0.05,0.048,0.047,0.049

>n386118
0.014,0.022,0.038,0.013,0.034,0.049,0.018,0.03,0.033,0.039,0.055,0.02,0.006,0.021,0.036,0.013,0.064,0.057,0.053,0.058,0.055,0.051,0.057,0.054,0.053,0.056

>n386148
0.016,0.024,0.036,0.01,0.039,0.056,0.012,0.04,0.025,0.041,0.056,0.02,0.006,0.026,0.038,0.017,0.062,0.054,0.054,0.053,0.054,0.051,0.052,0.053,0.053,0.053

>n386152
0.045,0.027,0.03,0.038,0.035,0.027,0.012,0.03,0.03,0.023,0.028,0.023,0.029,0.027,0.035,0.042,0.061,0.051,0.05,0.051,0.051,0.049,0.052,0.051,0.05,0.05

>n386154
0.044,0.032,0.041,0.029,0.042,0.032,0.008,0.036,0.041,0.025,0.031,0.023,0.018,0.03,0.04,0.025,0.059,0.051,0.049,0.05,0.049,0.048,0.05,0.05,0.048,0.049

>n386164
0.021,0.02,0.038,0.018,0.029,0.048,0.014,0.04,0.036,0.034,0.045,0.022,0.011,0.029,0.04,0.025,0.061,0.054,0.05,0.053,0.052,0.05,0.052,0.051,0.051,0.052

>n386176
0.079,0.031,0.049,0.037,0.037,0.016,0.007,0.03,0.053,0.02,0.023,0.02,0.027,0.023,0.036,0.027,0.056,0.05,0.046,0.049,0.047,0.046,0.048,0.048,0.046,0.048

>n386178
0.012,0.024,0.02,0.01,0.025,0.051,0.037,0.031,0.021,0.048,0.035,0.012,0.008,0.02,0.024,0.009,0.077,0.061,0.058,0.062,0.059,0.057,0.06,0.062,0.054,0.063

>n386179
0.036,0.036,0.044,0.027,0.05,0.043,0.004,0.044,0.034,0.023,0.024,0.024,0.023,0.039,0.033,0.034,0.056,0.05,0.047,0.048,0.047,0.047,0.048,0.046,0.047,0.049

>n386193
0.041,0.025,0.036,0.034,0.034,0.027,0.008,0.037,0.031,0.025,0.031,0.026,0.03,0.029,0.037,0.046,0.059,0.051,0.05,0.048,0.051,0.048,0.051,0.048,0.05,0.048

>n386194
0.047,0.026,0.04,0.037,0.038,0.04,0.007,0.034,0.04,0.023,0.026,0.023,0.025,0.029,0.039,0.043,0.057,0.049,0.046,0.049,0.048,0.046,0.048,0.048,0.046,0.048

>n386209
0.036,0.022,0.035,0.033,0.03,0.026,0.006,0.04,0.032,0.025,0.03,0.03,0.028,0.03,0.044,0.059,0.058,0.049,0.048,0.05,0.049,0.046,0.049,0.049,0.048,0.048

>n386215
0.031,0.03,0.039,0.026,0.043,0.037,0.007,0.04,0.033,0.027,0.037,0.025,0.019,0.033,0.039,0.031,0.059,0.052,0.048,0.051,0.05,0.048,0.051,0.05,0.048,0.049

>n386230
0.031,0.024,0.041,0.017,0.034,0.04,0.02,0.029,0.038,0.037,0.034,0.021,0.01,0.022,0.035,0.017,0.065,0.057,0.05,0.056,0.053,0.051,0.055,0.055,0.05,0.055

>n386231
0.023,0.02,0.035,0.02,0.034,0.042,0.016,0.036,0.028,0.038,0.041,0.022,0.013,0.028,0.036,0.024,0.065,0.054,0.053,0.054,0.053,0.052,0.054,0.051,0.055,0.051

>n386260
0.038,0.024,0.035,0.032,0.036,0.027,0.009,0.034,0.031,0.031,0.037,0.023,0.026,0.024,0.04,0.034,0.062,0.051,0.05,0.052,0.052,0.048,0.051,0.05,0.051,0.05

>n386315
0.045,0.021,0.037,0.04,0.033,0.023,0.008,0.03,0.032,0.022,0.027,0.028,0.032,0.028,0.037,0.063,0.058,0.048,0.049,0.051,0.048,0.047,0.05,0.047,0.048,0.048

>n386319
0.01,0.025,0.028,0.014,0.026,0.033,0.03,0.03,0.034,0.039,0.043,0.02,0.007,0.022,0.035,0.012,0.073,0.063,0.05,0.061,0.06,0.05,0.063,0.057,0.055,0.061

>n386328
0.024,0.018,0.032,0.025,0.031,0.04,0.008,0.048,0.024,0.028,0.032,0.031,0.021,0.04,0.044,0.051,0.058,0.051,0.049,0.05,0.049,0.048,0.05,0.048,0.049,0.049

>n386332
0.017,0.03,0.029,0.022,0.038,0.051,0.004,0.052,0.025,0.031,0.036,0.033,0.018,0.033,0.057,0.021,0.061,0.05,0.05,0.049,0.051,0.046,0.051,0.05,0.047,0.05

>n386343
0.052,0.025,0.03,0.046,0.038,0.017,0.002,0.031,0.025,0.016,0.021,0.033,0.038,0.03,0.042,0.075,0.056,0.046,0.048,0.048,0.047,0.048,0.046,0.046,0.048,0.045

>n386353
0.064,0.03,0.038,0.046,0.038,0.022,0.006,0.029,0.035,0.019,0.018,0.025,0.039,0.025,0.036,0.046,0.059,0.046,0.048,0.047,0.047,0.046,0.047,0.048,0.046,0.048

>n386362
0.052,0.027,0.033,0.052,0.03,0.016,0.002,0.036,0.029,0.016,0.016,0.028,0.052,0.025,0.039,0.078,0.057,0.045,0.047,0.046,0.046,0.045,0.047,0.045,0.046,0.047

>n386372
0.019,0.018,0.026,0.025,0.025,0.039,0.017,0.038,0.021,0.029,0.031,0.032,0.022,0.033,0.04,0.053,0.065,0.054,0.053,0.051,0.053,0.05,0.053,0.053,0.053,0.05

>n386391
0.036,0.029,0.036,0.027,0.035,0.026,0.011,0.035,0.035,0.024,0.031,0.03,0.022,0.027,0.043,0.033,0.061,0.052,0.051,0.05,0.051,0.051,0.051,0.053,0.049,0.052

>n386395
0.029,0.024,0.035,0.027,0.037,0.039,0.016,0.031,0.031,0.031,0.029,0.027,0.017,0.029,0.038,0.026,0.064,0.054,0.051,0.053,0.052,0.053,0.052,0.049,0.053,0.053

>n386411
0.071,0.035,0.031,0.062,0.045,0.01,0.003,0.027,0.027,0.013,0.008,0.029,0.056,0.028,0.034,0.046,0.059,0.043,0.048,0.048,0.043,0.05,0.044,0.048,0.046,0.048

>n386435
0.024,0.034,0.037,0.026,0.049,0.038,0.009,0.041,0.034,0.031,0.031,0.022,0.014,0.034,0.041,0.021,0.061,0.054,0.046,0.052,0.051,0.046,0.051,0.053,0.049,0.05

>n386438
0.022,0.023,0.036,0.018,0.039,0.047,0.011,0.049,0.027,0.035,0.039,0.021,0.011,0.04,0.036,0.032,0.06,0.052,0.05,0.051,0.051,0.049,0.051,0.05,0.051,0.05

>n386448
0.058,0.025,0.035,0.048,0.036,0.017,0.005,0.035,0.032,0.019,0.021,0.024,0.04,0.032,0.036,0.06,0.057,0.046,0.048,0.047,0.046,0.047,0.047,0.047,0.047,0.046

>n386451
0.028,0.02,0.036,0.023,0.027,0.035,0.022,0.026,0.034,0.035,0.046,0.018,0.017,0.021,0.029,0.03,0.065,0.058,0.05,0.057,0.055,0.052,0.053,0.056,0.051,0.056

>n386454
0.022,0.021,0.036,0.022,0.025,0.032,0.016,0.033,0.032,0.028,0.036,0.03,0.021,0.027,0.037,0.045,0.064,0.054,0.055,0.051,0.052,0.051,0.053,0.052,0.05,0.054

>n386466
0.034,0.018,0.04,0.039,0.031,0.026,0.005,0.037,0.032,0.023,0.025,0.032,0.035,0.032,0.042,0.065,0.057,0.047,0.049,0.048,0.047,0.046,0.049,0.046,0.047,0.047

>n386477
0.056,0.022,0.032,0.054,0.033,0.014,0.002,0.032,0.024,0.016,0.019,0.03,0.051,0.028,0.036,0.08,0.056,0.045,0.046,0.045,0.047,0.045,0.047,0.045,0.046,0.046

>n386480
0.037,0.027,0.037,0.04,0.039,0.03,0.005,0.036,0.028,0.023,0.023,0.028,0.037,0.03,0.036,0.059,0.058,0.047,0.048,0.048,0.048,0.046,0.049,0.048,0.048,0.047

>n386492
0.045,0.024,0.036,0.04,0.035,0.027,0.004,0.044,0.032,0.022,0.022,0.026,0.032,0.037,0.041,0.056,0.056,0.048,0.047,0.046,0.047,0.046,0.046,0.046,0.047,0.047

>n386501
0.037,0.025,0.044,0.02,0.037,0.035,0.012,0.03,0.037,0.03,0.042,0.023,0.015,0.023,0.036,0.025,0.061,0.054,0.051,0.052,0.052,0.049,0.052,0.053,0.05,0.053

>n386512
0.047,0.025,0.033,0.037,0.033,0.031,0.007,0.042,0.032,0.022,0.025,0.025,0.031,0.035,0.039,0.049,0.057,0.048,0.049,0.049,0.049,0.046,0.048,0.048,0.046,0.048

>n386524
0.031,0.022,0.038,0.032,0.033,0.027,0.005,0.043,0.032,0.025,0.032,0.031,0.026,0.034,0.046,0.051,0.057,0.049,0.048,0.05,0.049,0.047,0.048,0.048,0.048,0.047

>n386532
0.021,0.023,0.03,0.018,0.036,0.035,0.015,0.039,0.022,0.031,0.034,0.031,0.012,0.036,0.039,0.041,0.064,0.054,0.052,0.053,0.052,0.051,0.052,0.055,0.049,0.053

>n386538
0.065,0.022,0.04,0.049,0.034,0.019,0.001,0.029,0.038,0.02,0.027,0.025,0.04,0.022,0.042,0.051,0.054,0.049,0.046,0.046,0.047,0.048,0.047,0.045,0.046,0.046

>n386539
0.034,0.021,0.03,0.046,0.033,0.026,0.008,0.037,0.028,0.022,0.022,0.029,0.035,0.036,0.042,0.056,0.06,0.048,0.048,0.048,0.048,0.048,0.048,0.049,0.048,0.049

>n386543
0.046,0.022,0.044,0.028,0.036,0.017,0.006,0.022,0.038,0.026,0.045,0.031,0.02,0.017,0.045,0.035,0.06,0.057,0.042,0.056,0.055,0.043,0.055,0.055,0.043,0.055

>n386571
0.069,0.029,0.039,0.038,0.039,0.018,0.009,0.029,0.041,0.024,0.022,0.021,0.026,0.023,0.038,0.035,0.059,0.049,0.048,0.05,0.048,0.047,0.052,0.047,0.05,0.048

>n386577
0.046,0.017,0.041,0.029,0.025,0.035,0.001,0.052,0.04,0.02,0.037,0.022,0.022,0.04,0.041,0.07,0.048,0.049,0.046,0.046,0.042,0.047,0.047,0.046,0.047,0.044

>n386585
0.039,0.026,0.038,0.023,0.035,0.035,0.013,0.035,0.033,0.029,0.036,0.023,0.018,0.029,0.034,0.03,0.061,0.052,0.051,0.051,0.052,0.05,0.051,0.052,0.051,0.051

>n386588
0.028,0.022,0.034,0.019,0.029,0.035,0.019,0.033,0.028,0.026,0.032,0.031,0.019,0.032,0.032,0.042,0.065,0.052,0.053,0.052,0.053,0.053,0.052,0.053,0.051,0.053

>n386592
0.065,0.024,0.037,0.044,0.035,0.022,0.006,0.031,0.036,0.017,0.02,0.026,0.035,0.031,0.035,0.062,0.054,0.047,0.047,0.046,0.048,0.045,0.048,0.046,0.046,0.047

>n386605
0.053,0.022,0.037,0.038,0.034,0.022,0.009,0.027,0.033,0.02,0.028,0.03,0.03,0.027,0.037,0.051,0.059,0.049,0.048,0.05,0.05,0.047,0.05,0.05,0.048,0.05

>n386623
0.068,0.029,0.037,0.045,0.034,0.017,0.003,0.033,0.034,0.016,0.017,0.028,0.043,0.025,0.038,0.058,0.057,0.046,0.047,0.047,0.046,0.046,0.047,0.048,0.045,0.046

>n386627
0.077,0.023,0.043,0.041,0.032,0.016,0.003,0.033,0.038,0.02,0.023,0.024,0.038,0.024,0.036,0.055,0.054,0.047,0.046,0.047,0.046,0.047,0.047,0.046,0.047,0.046

>n386628
0.027,0.015,0.024,0.013,0.019,0.044,0.032,0.028,0.024,0.04,0.046,0.017,0.01,0.024,0.025,0.023,0.071,0.056,0.059,0.058,0.058,0.057,0.057,0.058,0.059,0.056

>n386641
0.028,0.026,0.028,0.031,0.041,0.043,0.006,0.048,0.021,0.025,0.024,0.03,0.022,0.044,0.043,0.055,0.058,0.049,0.047,0.047,0.049,0.047,0.049,0.047,0.048,0.047

>n386649
0.025,0.022,0.047,0.02,0.043,0.037,0.011,0.039,0.035,0.044,0.042,0.017,0.011,0.027,0.039,0.014,0.063,0.054,0.048,0.054,0.053,0.048,0.052,0.054,0.049,0.053

>n386655
0.035,0.027,0.037,0.033,0.042,0.033,0.01,0.034,0.036,0.027,0.031,0.023,0.02,0.031,0.04,0.031,0.061,0.051,0.048,0.05,0.05,0.049,0.051,0.05,0.048,0.051

>n386682
0.035,0.022,0.029,0.037,0.03,0.026,0.006,0.038,0.026,0.022,0.031,0.035,0.033,0.029,0.047,0.057,0.059,0.049,0.049,0.049,0.049,0.048,0.05,0.048,0.05,0.048

>n386687
0.015,0.025,0.043,0.023,0.051,0.055,0.004,0.049,0.021,0.03,0.032,0.026,0.019,0.051,0.03,0.042,0.057,0.051,0.047,0.048,0.045,0.048,0.044,0.05,0.044,0.049

>n386691
0.028,0.021,0.043,0.021,0.034,0.034,0.011,0.036,0.038,0.033,0.039,0.025,0.014,0.027,0.042,0.035,0.061,0.053,0.05,0.052,0.051,0.049,0.051,0.052,0.05,0.051

