Data type: RNA sequences
Mode: PC-PseDNC-General
Physicochemical properties: ['Rise (RNA)', 'Tilt (RNA)', 'Twist (RNA)', 'Slide (RNA)', 'Shift (RNA)', 'Roll (RNA)']
Lambda: 10
W: 0.05

>n378390
0.045,0.03,0.039,0.03,0.041,0.044,0.006,0.041,0.032,0.024,0.03,0.025,0.025,0.034,0.036,0.029,0.058,0.05,0.048,0.048,0.047,0.048,0.049,0.046,0.049,0.048

>n378414
0.047,0.025,0.034,0.035,0.026,0.028,0.012,0.037,0.031,0.026,0.03,0.022,0.036,0.024,0.033,0.041,0.062,0.05,0.052,0.05,0.05,0.052,0.048,0.051,0.049,0.05

>n378431
0.048,0.024,0.035,0.018,0.028,0.024,0.018,0.035,0.033,0.032,0.033,0.023,0.016,0.024,0.036,0.034,0.066,0.053,0.051,0.055,0.052,0.051,0.053,0.052,0.053,0.052

>n378478
0.055,0.022,0.036,0.041,0.032,0.022,0.007,0.031,0.034,0.023,0.029,0.024,0.034,0.024,0.038,0.054,0.058,0.049,0.048,0.048,0.048,0.048,0.048,0.048,0.048,0.049

>n378490
0.032,0.025,0.035,0.035,0.043,0.031,0.006,0.039,0.026,0.029,0.022,0.031,0.026,0.034,0.045,0.042,0.061,0.048,0.049,0.049,0.049,0.049,0.048,0.049,0.049,0.047

>n378503
0.041,0.024,0.033,0.045,0.037,0.025,0.006,0.037,0.032,0.021,0.024,0.023,0.034,0.034,0.037,0.065,0.057,0.049,0.048,0.048,0.047,0.045,0.049,0.046,0.049,0.046

>n378507
0.037,0.017,0.041,0.032,0.029,0.024,0.006,0.038,0.047,0.024,0.056,0.026,0.015,0.032,0.051,0.026,0.055,0.051,0.05,0.052,0.049,0.048,0.049,0.046,0.049,0.048

>n378509
0.052,0.024,0.04,0.026,0.032,0.021,0.011,0.028,0.034,0.027,0.036,0.029,0.024,0.02,0.039,0.035,0.062,0.053,0.048,0.052,0.054,0.046,0.053,0.051,0.051,0.05

>n378515
0.01,0.018,0.024,0.009,0.025,0.047,0.029,0.035,0.02,0.037,0.042,0.028,0.005,0.034,0.032,0.02,0.072,0.055,0.058,0.056,0.062,0.052,0.061,0.054,0.057,0.058

>n378517
0.043,0.028,0.039,0.036,0.042,0.028,0.003,0.043,0.033,0.022,0.023,0.028,0.029,0.037,0.041,0.046,0.057,0.046,0.048,0.047,0.047,0.049,0.046,0.046,0.047,0.048

>n378520
0.056,0.025,0.033,0.033,0.026,0.016,0.013,0.036,0.032,0.023,0.019,0.03,0.033,0.026,0.038,0.041,0.065,0.047,0.053,0.048,0.054,0.049,0.05,0.052,0.049,0.052

>n378555
0.041,0.02,0.03,0.042,0.031,0.021,0.01,0.029,0.031,0.023,0.032,0.026,0.029,0.027,0.041,0.06,0.059,0.051,0.047,0.051,0.051,0.046,0.05,0.05,0.047,0.053

>n378567
0.055,0.024,0.031,0.048,0.024,0.023,0.009,0.033,0.032,0.015,0.018,0.026,0.048,0.027,0.033,0.069,0.058,0.048,0.048,0.048,0.048,0.046,0.048,0.047,0.047,0.048

>n378572
0.053,0.022,0.029,0.048,0.031,0.023,0.004,0.036,0.026,0.017,0.023,0.027,0.041,0.033,0.037,0.071,0.056,0.046,0.047,0.048,0.048,0.045,0.046,0.046,0.047,0.047

>n378603
0.031,0.025,0.036,0.035,0.039,0.036,0.005,0.039,0.032,0.025,0.03,0.028,0.024,0.034,0.044,0.052,0.057,0.049,0.047,0.048,0.049,0.046,0.049,0.047,0.047,0.047

>n378619
0.024,0.02,0.028,0.026,0.03,0.037,0.019,0.04,0.023,0.034,0.034,0.02,0.02,0.034,0.031,0.041,0.065,0.055,0.052,0.053,0.054,0.052,0.053,0.052,0.051,0.052

>n378631
0.018,0.011,0.033,0.017,0.024,0.041,0.037,0.017,0.033,0.038,0.047,0.02,0.004,0.029,0.021,0.013,0.07,0.065,0.054,0.059,0.059,0.056,0.057,0.061,0.061,0.055

>n378699
0.049,0.022,0.043,0.031,0.035,0.027,0.008,0.036,0.039,0.024,0.035,0.026,0.024,0.033,0.038,0.033,0.058,0.051,0.048,0.049,0.049,0.049,0.047,0.047,0.049,0.051

>n378710
0.037,0.025,0.033,0.037,0.037,0.029,0.003,0.038,0.026,0.022,0.029,0.032,0.031,0.032,0.044,0.053,0.058,0.048,0.048,0.048,0.048,0.048,0.048,0.048,0.048,0.048

>n378714
0.017,0.019,0.029,0.018,0.031,0.044,0.021,0.037,0.026,0.04,0.035,0.019,0.009,0.029,0.036,0.039,0.066,0.056,0.054,0.055,0.052,0.053,0.055,0.053,0.051,0.056

>n378721
0.024,0.022,0.04,0.013,0.036,0.033,0.015,0.031,0.031,0.037,0.05,0.027,0.008,0.023,0.04,0.016,0.065,0.056,0.055,0.054,0.055,0.055,0.051,0.055,0.053,0.056

>n378726
0.026,0.024,0.035,0.02,0.036,0.034,0.019,0.036,0.036,0.04,0.031,0.016,0.006,0.027,0.037,0.037,0.067,0.053,0.054,0.052,0.054,0.053,0.051,0.054,0.053,0.051

>n378741
0.038,0.026,0.027,0.041,0.038,0.03,0.005,0.045,0.025,0.024,0.021,0.023,0.031,0.038,0.04,0.069,0.057,0.048,0.047,0.047,0.046,0.048,0.047,0.046,0.045,0.048

>n378749
0.028,0.024,0.035,0.02,0.033,0.026,0.021,0.026,0.032,0.03,0.045,0.024,0.014,0.026,0.03,0.023,0.067,0.055,0.056,0.056,0.056,0.05,0.057,0.058,0.054,0.055

>n378782
0.046,0.025,0.027,0.03,0.028,0.028,0.016,0.031,0.025,0.025,0.028,0.025,0.03,0.025,0.032,0.053,0.063,0.052,0.052,0.052,0.052,0.05,0.053,0.051,0.051,0.051

>n378795
0.018,0.02,0.038,0.02,0.039,0.036,0.016,0.038,0.029,0.038,0.04,0.024,0.01,0.035,0.037,0.022,0.065,0.055,0.052,0.054,0.053,0.052,0.052,0.055,0.051,0.052

>n378803
0.033,0.023,0.033,0.036,0.037,0.031,0.006,0.041,0.028,0.027,0.026,0.024,0.028,0.033,0.039,0.063,0.057,0.05,0.048,0.048,0.049,0.046,0.05,0.048,0.047,0.047

>n378840
0.024,0.02,0.036,0.018,0.034,0.042,0.015,0.035,0.025,0.037,0.04,0.026,0.015,0.027,0.037,0.028,0.064,0.055,0.053,0.053,0.054,0.052,0.053,0.054,0.052,0.053

>n378843
0.043,0.026,0.035,0.037,0.038,0.022,0.008,0.031,0.032,0.022,0.031,0.026,0.027,0.029,0.037,0.049,0.059,0.051,0.049,0.049,0.05,0.05,0.05,0.049,0.048,0.051

>n378866
0.028,0.024,0.031,0.028,0.034,0.036,0.009,0.044,0.027,0.024,0.029,0.029,0.021,0.04,0.04,0.056,0.06,0.05,0.048,0.05,0.049,0.049,0.048,0.048,0.049,0.048

>n378880
0.055,0.023,0.05,0.03,0.036,0.021,0.008,0.029,0.04,0.026,0.033,0.027,0.027,0.024,0.035,0.028,0.059,0.05,0.05,0.052,0.05,0.049,0.05,0.049,0.049,0.05

>n378912
0.055,0.025,0.031,0.044,0.034,0.029,0.006,0.039,0.026,0.021,0.02,0.025,0.039,0.033,0.035,0.053,0.058,0.049,0.046,0.049,0.046,0.047,0.047,0.047,0.046,0.047

>n378914
0.037,0.024,0.039,0.028,0.031,0.03,0.014,0.036,0.033,0.03,0.031,0.022,0.026,0.027,0.032,0.037,0.063,0.053,0.049,0.053,0.051,0.05,0.051,0.051,0.049,0.053

>n378945
0.033,0.025,0.037,0.03,0.032,0.031,0.01,0.041,0.034,0.026,0.029,0.025,0.025,0.032,0.038,0.045,0.06,0.05,0.05,0.05,0.05,0.049,0.05,0.048,0.052,0.048

>n379023
0.043,0.028,0.034,0.02,0.035,0.029,0.017,0.031,0.031,0.033,0.029,0.021,0.016,0.022,0.034,0.036,0.067,0.05,0.056,0.051,0.056,0.051,0.054,0.051,0.055,0.049

>n379043
0.03,0.025,0.039,0.014,0.039,0.044,0.012,0.04,0.028,0.035,0.04,0.023,0.011,0.031,0.035,0.03,0.06,0.054,0.052,0.052,0.052,0.051,0.05,0.052,0.051,0.051

>n379095
0.071,0.026,0.038,0.04,0.034,0.024,0.002,0.037,0.045,0.019,0.022,0.023,0.027,0.027,0.046,0.057,0.053,0.047,0.042,0.047,0.046,0.043,0.048,0.045,0.044,0.046

>n379098
0.056,0.025,0.04,0.04,0.038,0.025,0.004,0.038,0.031,0.024,0.02,0.026,0.035,0.032,0.037,0.046,0.057,0.049,0.046,0.047,0.047,0.047,0.047,0.046,0.047,0.048

>n379107
0.041,0.022,0.043,0.031,0.037,0.034,0.008,0.031,0.038,0.03,0.026,0.028,0.021,0.025,0.044,0.035,0.058,0.052,0.049,0.05,0.049,0.049,0.048,0.048,0.05,0.051

>n379110
0.024,0.021,0.04,0.014,0.035,0.042,0.018,0.035,0.032,0.04,0.044,0.02,0.009,0.026,0.034,0.02,0.065,0.055,0.054,0.055,0.052,0.052,0.054,0.053,0.052,0.054

>n379114
0.029,0.019,0.034,0.023,0.026,0.028,0.014,0.038,0.03,0.032,0.04,0.026,0.021,0.027,0.04,0.037,0.063,0.053,0.052,0.053,0.053,0.052,0.053,0.054,0.051,0.051

>n379122
0.049,0.025,0.036,0.043,0.036,0.026,0.007,0.035,0.029,0.025,0.02,0.026,0.039,0.028,0.036,0.048,0.06,0.048,0.048,0.049,0.048,0.048,0.049,0.049,0.046,0.048

>n379129
0.014,0.015,0.026,0.012,0.025,0.04,0.033,0.023,0.021,0.047,0.042,0.024,0.007,0.019,0.033,0.009,0.077,0.054,0.063,0.056,0.065,0.057,0.062,0.057,0.06,0.059

>n379131
0.044,0.025,0.036,0.029,0.035,0.038,0.013,0.03,0.031,0.025,0.032,0.027,0.023,0.028,0.034,0.035,0.061,0.054,0.049,0.051,0.05,0.049,0.05,0.05,0.051,0.052

>n379132
0.047,0.026,0.039,0.032,0.036,0.019,0.006,0.028,0.039,0.021,0.034,0.033,0.023,0.023,0.048,0.042,0.057,0.052,0.046,0.052,0.053,0.049,0.048,0.051,0.048,0.05

>n379149
0.05,0.024,0.04,0.031,0.035,0.026,0.004,0.036,0.031,0.026,0.036,0.027,0.028,0.025,0.04,0.042,0.057,0.05,0.049,0.05,0.049,0.047,0.05,0.049,0.049,0.049

>n379160
0.02,0.015,0.037,0.023,0.034,0.03,0.014,0.034,0.026,0.039,0.046,0.023,0.014,0.028,0.038,0.038,0.062,0.054,0.052,0.054,0.053,0.051,0.054,0.052,0.053,0.054

>n379166
0.026,0.015,0.037,0.026,0.035,0.029,0.011,0.033,0.027,0.036,0.041,0.026,0.017,0.028,0.04,0.046,0.061,0.053,0.05,0.054,0.051,0.05,0.053,0.051,0.052,0.052

>n379167
0.027,0.022,0.038,0.02,0.031,0.035,0.015,0.036,0.037,0.035,0.044,0.023,0.012,0.025,0.042,0.02,0.062,0.056,0.052,0.055,0.052,0.05,0.052,0.053,0.052,0.053

>n379177
0.012,0.009,0.027,0.005,0.017,0.048,0.042,0.028,0.02,0.054,0.046,0.011,0.005,0.023,0.015,0.009,0.08,0.057,0.066,0.061,0.061,0.061,0.06,0.061,0.062,0.06

>n379212
0.025,0.024,0.04,0.024,0.037,0.032,0.011,0.033,0.031,0.031,0.033,0.029,0.02,0.027,0.038,0.042,0.061,0.053,0.05,0.054,0.052,0.049,0.052,0.051,0.052,0.05

>n379244
0.06,0.029,0.034,0.035,0.039,0.023,0.011,0.025,0.035,0.024,0.033,0.022,0.024,0.022,0.037,0.029,0.061,0.049,0.049,0.053,0.049,0.054,0.052,0.05,0.051,0.05

>n379281
0.032,0.023,0.034,0.018,0.031,0.053,0.024,0.04,0.028,0.035,0.025,0.017,0.017,0.037,0.022,0.026,0.066,0.055,0.049,0.054,0.053,0.052,0.053,0.054,0.049,0.054

>n379288
0.058,0.022,0.033,0.034,0.029,0.018,0.01,0.036,0.038,0.022,0.031,0.025,0.023,0.031,0.04,0.05,0.058,0.05,0.046,0.051,0.049,0.046,0.052,0.049,0.049,0.05

>n379293
0.031,0.026,0.037,0.025,0.033,0.026,0.01,0.034,0.029,0.026,0.031,0.032,0.025,0.026,0.04,0.046,0.062,0.053,0.05,0.054,0.051,0.049,0.052,0.051,0.051,0.05

>n379300
0.029,0.024,0.045,0.017,0.035,0.043,0.012,0.031,0.04,0.029,0.05,0.027,0.011,0.025,0.039,0.018,0.062,0.052,0.052,0.052,0.052,0.05,0.051,0.052,0.051,0.053

>n379304
0.033,0.026,0.036,0.027,0.038,0.033,0.008,0.04,0.029,0.031,0.026,0.028,0.021,0.03,0.044,0.042,0.061,0.051,0.049,0.051,0.05,0.047,0.051,0.05,0.048,0.051

>n379310
0.038,0.023,0.038,0.032,0.036,0.027,0.007,0.041,0.029,0.027,0.026,0.027,0.028,0.033,0.039,0.052,0.059,0.051,0.048,0.05,0.049,0.046,0.051,0.048,0.047,0.049

>n379327
0.029,0.026,0.038,0.02,0.036,0.044,0.012,0.038,0.031,0.028,0.031,0.026,0.018,0.031,0.035,0.038,0.06,0.052,0.049,0.052,0.05,0.05,0.053,0.05,0.051,0.05

>n379336
0.014,0.023,0.022,0.022,0.038,0.032,0.012,0.025,0.016,0.036,0.036,0.053,0.013,0.016,0.071,0.014,0.074,0.044,0.061,0.049,0.06,0.05,0.056,0.054,0.052,0.058

>n379340
0.056,0.027,0.032,0.044,0.035,0.024,0.006,0.034,0.03,0.02,0.024,0.025,0.038,0.029,0.036,0.049,0.058,0.049,0.047,0.049,0.048,0.047,0.048,0.048,0.047,0.048

>n379342
0.031,0.022,0.032,0.023,0.027,0.031,0.017,0.039,0.034,0.026,0.035,0.027,0.016,0.036,0.036,0.035,0.063,0.055,0.051,0.052,0.054,0.052,0.051,0.053,0.05,0.051

>n379350
0.042,0.019,0.038,0.026,0.031,0.029,0.018,0.034,0.034,0.033,0.033,0.021,0.019,0.031,0.031,0.03,0.063,0.054,0.052,0.052,0.053,0.049,0.054,0.053,0.051,0.052

>n379360
0.039,0.027,0.037,0.025,0.04,0.037,0.009,0.043,0.032,0.031,0.032,0.022,0.018,0.034,0.038,0.028,0.06,0.05,0.05,0.05,0.049,0.048,0.05,0.049,0.049,0.05

>n379378
0.037,0.024,0.04,0.03,0.037,0.028,0.009,0.033,0.031,0.027,0.035,0.028,0.025,0.027,0.038,0.036,0.061,0.051,0.049,0.051,0.05,0.05,0.051,0.049,0.05,0.051

>n379395
0.044,0.026,0.034,0.037,0.034,0.033,0.004,0.043,0.028,0.018,0.02,0.033,0.035,0.037,0.04,0.062,0.056,0.046,0.048,0.044,0.048,0.045,0.048,0.044,0.047,0.045

>n379406
0.058,0.025,0.034,0.042,0.037,0.026,0.009,0.023,0.036,0.019,0.024,0.027,0.029,0.026,0.038,0.052,0.058,0.049,0.049,0.05,0.047,0.048,0.047,0.048,0.048,0.048

>n379426
0.041,0.028,0.044,0.034,0.036,0.036,0.002,0.039,0.04,0.02,0.026,0.03,0.03,0.03,0.043,0.045,0.054,0.05,0.046,0.046,0.047,0.045,0.044,0.048,0.046,0.048

>n379436
0.031,0.024,0.041,0.021,0.036,0.039,0.018,0.028,0.036,0.034,0.041,0.019,0.014,0.025,0.031,0.025,0.064,0.054,0.052,0.054,0.052,0.05,0.054,0.053,0.051,0.054

>n379442
0.034,0.025,0.029,0.034,0.032,0.029,0.013,0.036,0.024,0.025,0.022,0.031,0.031,0.032,0.036,0.047,0.063,0.052,0.05,0.052,0.051,0.048,0.052,0.049,0.051,0.051

>n379454
0.044,0.024,0.039,0.031,0.036,0.036,0.006,0.04,0.036,0.025,0.034,0.025,0.022,0.034,0.04,0.038,0.057,0.049,0.048,0.049,0.048,0.047,0.048,0.049,0.047,0.048

>n379459
0.023,0.016,0.031,0.017,0.023,0.031,0.025,0.031,0.026,0.037,0.039,0.023,0.015,0.026,0.03,0.038,0.069,0.056,0.055,0.056,0.056,0.054,0.055,0.056,0.055,0.057

>n379466
0.032,0.024,0.033,0.023,0.029,0.037,0.02,0.03,0.032,0.03,0.034,0.021,0.019,0.024,0.031,0.033,0.065,0.055,0.052,0.055,0.052,0.053,0.055,0.051,0.053,0.055

>n379480
0.041,0.028,0.043,0.022,0.039,0.038,0.014,0.035,0.032,0.028,0.032,0.021,0.022,0.031,0.025,0.032,0.062,0.052,0.051,0.05,0.053,0.049,0.051,0.051,0.051,0.049

>n379489
0.049,0.028,0.033,0.042,0.036,0.023,0.007,0.033,0.03,0.023,0.021,0.026,0.037,0.026,0.039,0.052,0.06,0.048,0.048,0.049,0.049,0.047,0.05,0.048,0.049,0.048

>n379562
0.013,0.018,0.037,0.011,0.039,0.054,0.014,0.038,0.023,0.044,0.054,0.025,0.004,0.028,0.042,0.011,0.064,0.056,0.053,0.054,0.054,0.052,0.054,0.053,0.052,0.054

>n379566
0.04,0.026,0.038,0.029,0.037,0.028,0.011,0.031,0.03,0.026,0.033,0.025,0.026,0.027,0.031,0.041,0.062,0.051,0.052,0.052,0.05,0.05,0.05,0.051,0.05,0.051

>n379574
0.041,0.023,0.03,0.04,0.032,0.026,0.003,0.043,0.025,0.021,0.025,0.029,0.035,0.035,0.042,0.07,0.056,0.048,0.047,0.047,0.048,0.045,0.047,0.047,0.046,0.047

>n379581
0.043,0.024,0.036,0.029,0.035,0.04,0.01,0.036,0.033,0.029,0.037,0.022,0.022,0.029,0.037,0.03,0.059,0.052,0.05,0.049,0.051,0.049,0.051,0.05,0.051,0.048

>n379586
0.032,0.025,0.035,0.023,0.033,0.046,0.016,0.036,0.033,0.03,0.028,0.022,0.016,0.031,0.034,0.042,0.061,0.052,0.052,0.051,0.051,0.05,0.051,0.049,0.052,0.051

>n379593
0.061,0.021,0.035,0.054,0.03,0.018,0.005,0.029,0.034,0.018,0.026,0.025,0.047,0.023,0.037,0.054,0.056,0.047,0.049,0.047,0.048,0.047,0.049,0.047,0.046,0.048

>n379616
0.028,0.026,0.034,0.018,0.042,0.065,0.01,0.046,0.023,0.037,0.036,0.018,0.013,0.034,0.034,0.026,0.059,0.052,0.05,0.051,0.05,0.047,0.05,0.049,0.051,0.05

>n379622
0.056,0.022,0.034,0.043,0.033,0.022,0.009,0.03,0.034,0.022,0.018,0.027,0.032,0.029,0.04,0.058,0.058,0.049,0.048,0.048,0.048,0.047,0.047,0.049,0.048,0.047

>n379630
0.031,0.02,0.03,0.028,0.028,0.03,0.016,0.031,0.025,0.028,0.029,0.029,0.026,0.027,0.036,0.051,0.065,0.052,0.052,0.052,0.053,0.051,0.052,0.053,0.051,0.051

>n379637
0.046,0.03,0.043,0.028,0.044,0.027,0.007,0.036,0.038,0.027,0.032,0.024,0.018,0.03,0.04,0.024,0.06,0.05,0.048,0.05,0.05,0.048,0.049,0.051,0.049,0.049

>n379657
0.039,0.025,0.041,0.032,0.039,0.032,0.006,0.035,0.03,0.024,0.028,0.03,0.029,0.03,0.037,0.05,0.058,0.048,0.05,0.048,0.049,0.047,0.05,0.048,0.049,0.048

>n379676
0.041,0.025,0.037,0.033,0.036,0.027,0.016,0.029,0.034,0.03,0.028,0.021,0.025,0.026,0.032,0.032,0.064,0.053,0.051,0.051,0.055,0.05,0.051,0.05,0.052,0.051

>n379691
0.036,0.021,0.038,0.032,0.031,0.028,0.006,0.038,0.029,0.026,0.037,0.027,0.031,0.027,0.039,0.051,0.058,0.051,0.048,0.05,0.048,0.049,0.049,0.05,0.049,0.051

>n379692
0.014,0.017,0.03,0.015,0.025,0.044,0.023,0.037,0.025,0.04,0.04,0.024,0.011,0.028,0.037,0.029,0.068,0.057,0.055,0.056,0.053,0.052,0.056,0.056,0.055,0.053

>n379717
0.046,0.022,0.031,0.042,0.036,0.024,0.007,0.034,0.027,0.024,0.025,0.026,0.033,0.031,0.039,0.064,0.058,0.049,0.047,0.048,0.049,0.046,0.049,0.048,0.047,0.049

>n379718
0.018,0.023,0.039,0.013,0.037,0.051,0.014,0.037,0.031,0.037,0.049,0.023,0.007,0.028,0.038,0.016,0.062,0.055,0.052,0.054,0.053,0.05,0.054,0.052,0.053,0.052

>n379772
0.037,0.026,0.034,0.033,0.035,0.03,0.009,0.047,0.034,0.027,0.025,0.021,0.024,0.039,0.039,0.039,0.06,0.048,0.048,0.051,0.048,0.049,0.049,0.049,0.048,0.051

>n379774
0.026,0.024,0.041,0.021,0.036,0.053,0.012,0.039,0.035,0.032,0.034,0.022,0.015,0.031,0.036,0.028,0.061,0.051,0.05,0.053,0.05,0.049,0.052,0.05,0.048,0.05

>n379781
0.035,0.027,0.041,0.029,0.043,0.032,0.006,0.039,0.034,0.028,0.03,0.024,0.02,0.033,0.038,0.042,0.058,0.05,0.049,0.05,0.049,0.047,0.049,0.049,0.047,0.049

>n379792
0.019,0.024,0.028,0.031,0.038,0.044,0.01,0.043,0.02,0.032,0.025,0.026,0.025,0.036,0.039,0.054,0.06,0.05,0.051,0.048,0.051,0.047,0.053,0.048,0.05,0.047

>n379821
0.037,0.021,0.041,0.024,0.032,0.033,0.022,0.025,0.038,0.035,0.034,0.019,0.018,0.023,0.027,0.018,0.068,0.055,0.053,0.053,0.058,0.051,0.052,0.053,0.054,0.053

>n379834
0.033,0.026,0.035,0.031,0.031,0.043,0.009,0.035,0.035,0.026,0.028,0.022,0.027,0.024,0.038,0.058,0.057,0.049,0.05,0.05,0.049,0.047,0.051,0.048,0.05,0.051

>n379841
0.031,0.016,0.035,0.02,0.033,0.052,0.016,0.04,0.027,0.04,0.038,0.019,0.011,0.032,0.035,0.028,0.061,0.054,0.052,0.052,0.051,0.05,0.053,0.051,0.051,0.051

>n379850
0.055,0.022,0.047,0.032,0.035,0.021,0.01,0.029,0.041,0.029,0.028,0.024,0.025,0.024,0.037,0.035,0.059,0.052,0.048,0.05,0.05,0.049,0.051,0.05,0.048,0.05

>n379927
0.036,0.026,0.04,0.024,0.039,0.032,0.007,0.042,0.035,0.029,0.032,0.027,0.017,0.034,0.043,0.033,0.06,0.051,0.05,0.05,0.05,0.048,0.049,0.048,0.05,0.049

>n379950
0.05,0.021,0.036,0.037,0.031,0.021,0.011,0.029,0.03,0.027,0.028,0.025,0.033,0.023,0.035,0.052,0.062,0.051,0.049,0.051,0.05,0.048,0.052,0.05,0.049,0.05

>n379972
0.015,0.012,0.032,0.007,0.036,0.075,0.021,0.055,0.01,0.052,0.037,0.013,0.005,0.048,0.021,0.022,0.062,0.06,0.052,0.05,0.054,0.051,0.055,0.054,0.054,0.049

>n380027
0.033,0.031,0.032,0.035,0.033,0.029,0.01,0.046,0.036,0.027,0.02,0.02,0.029,0.031,0.04,0.046,0.061,0.048,0.049,0.048,0.051,0.047,0.048,0.053,0.047,0.05

>n380031
0.049,0.02,0.034,0.052,0.031,0.017,0.003,0.035,0.028,0.017,0.022,0.03,0.047,0.031,0.038,0.074,0.056,0.047,0.046,0.047,0.047,0.045,0.046,0.047,0.046,0.046

>n380060
0.044,0.024,0.042,0.032,0.039,0.038,0.005,0.038,0.037,0.024,0.035,0.026,0.022,0.034,0.039,0.033,0.056,0.048,0.049,0.048,0.048,0.047,0.048,0.048,0.048,0.048

>n380064
0.057,0.023,0.031,0.045,0.028,0.018,0.005,0.037,0.03,0.018,0.022,0.03,0.039,0.029,0.043,0.063,0.057,0.048,0.048,0.046,0.048,0.046,0.047,0.047,0.047,0.046

>n380100
0.055,0.028,0.044,0.043,0.036,0.02,0.002,0.033,0.039,0.02,0.022,0.026,0.04,0.024,0.038,0.056,0.056,0.048,0.046,0.047,0.047,0.046,0.046,0.047,0.047,0.047

>n380108
0.031,0.024,0.037,0.021,0.036,0.04,0.017,0.033,0.028,0.034,0.04,0.018,0.018,0.028,0.026,0.03,0.064,0.053,0.054,0.054,0.053,0.05,0.054,0.052,0.053,0.052

>n380148
0.047,0.025,0.032,0.035,0.031,0.028,0.015,0.03,0.032,0.026,0.028,0.021,0.029,0.026,0.031,0.043,0.062,0.05,0.051,0.052,0.051,0.051,0.052,0.05,0.05,0.051

>n380151
0.029,0.024,0.033,0.027,0.041,0.042,0.01,0.047,0.023,0.03,0.029,0.023,0.019,0.045,0.033,0.039,0.06,0.048,0.05,0.05,0.049,0.051,0.05,0.048,0.052,0.048

>n380158
0.042,0.018,0.035,0.035,0.019,0.012,0.016,0.026,0.032,0.026,0.023,0.036,0.037,0.016,0.043,0.048,0.069,0.052,0.048,0.053,0.055,0.05,0.052,0.053,0.049,0.054

>n380163
0.021,0.02,0.023,0.011,0.02,0.051,0.031,0.037,0.027,0.036,0.037,0.015,0.007,0.032,0.024,0.033,0.07,0.056,0.054,0.055,0.057,0.056,0.058,0.053,0.058,0.058

>n380175
0.023,0.018,0.035,0.022,0.021,0.039,0.019,0.032,0.028,0.033,0.042,0.026,0.025,0.02,0.034,0.03,0.066,0.055,0.053,0.055,0.055,0.053,0.054,0.055,0.051,0.056

>n380177
0.023,0.025,0.031,0.026,0.029,0.037,0.012,0.04,0.036,0.03,0.042,0.021,0.017,0.026,0.044,0.039,0.06,0.053,0.052,0.051,0.05,0.052,0.051,0.052,0.051,0.05

>n380184
0.019,0.021,0.033,0.025,0.03,0.037,0.016,0.036,0.025,0.028,0.035,0.031,0.025,0.032,0.035,0.039,0.062,0.055,0.053,0.054,0.051,0.051,0.051,0.052,0.052,0.052

>n380208
0.045,0.027,0.034,0.016,0.034,0.036,0.018,0.036,0.027,0.034,0.028,0.019,0.015,0.027,0.028,0.034,0.065,0.055,0.052,0.053,0.056,0.05,0.052,0.055,0.051,0.053

>n380263
0.019,0.026,0.034,0.013,0.048,0.065,0.011,0.057,0.015,0.044,0.029,0.016,0.01,0.045,0.03,0.025,0.06,0.055,0.049,0.049,0.051,0.048,0.051,0.05,0.051,0.049

>n380278
0.048,0.023,0.036,0.032,0.027,0.03,0.012,0.032,0.037,0.016,0.02,0.032,0.028,0.03,0.038,0.064,0.06,0.049,0.048,0.049,0.049,0.048,0.048,0.048,0.049,0.048

>n380333
0.047,0.024,0.041,0.039,0.042,0.03,0.006,0.035,0.031,0.027,0.028,0.021,0.031,0.031,0.032,0.051,0.057,0.048,0.047,0.049,0.048,0.047,0.05,0.047,0.046,0.047

>n380399
0.031,0.016,0.029,0.013,0.02,0.034,0.029,0.026,0.026,0.04,0.042,0.02,0.011,0.02,0.028,0.03,0.071,0.057,0.057,0.058,0.057,0.055,0.058,0.054,0.058,0.058

>n380413
0.047,0.027,0.034,0.04,0.038,0.026,0.005,0.036,0.038,0.021,0.027,0.024,0.025,0.032,0.043,0.053,0.056,0.049,0.048,0.049,0.047,0.047,0.047,0.046,0.048,0.047

>n380415
0.024,0.02,0.043,0.024,0.035,0.034,0.007,0.039,0.033,0.031,0.048,0.028,0.019,0.03,0.042,0.032,0.059,0.053,0.05,0.051,0.051,0.047,0.052,0.05,0.049,0.05

>n380489
0.032,0.026,0.037,0.041,0.031,0.024,0.005,0.042,0.034,0.021,0.024,0.031,0.039,0.031,0.043,0.049,0.061,0.047,0.05,0.046,0.05,0.046,0.049,0.047,0.048,0.047

>n380490
0.038,0.022,0.031,0.033,0.033,0.031,0.007,0.038,0.03,0.027,0.024,0.026,0.024,0.029,0.045,0.067,0.059,0.051,0.047,0.051,0.048,0.047,0.05,0.047,0.047,0.048

>n380500
0.033,0.024,0.028,0.026,0.03,0.044,0.016,0.043,0.026,0.028,0.029,0.023,0.022,0.036,0.033,0.04,0.062,0.052,0.05,0.052,0.052,0.048,0.052,0.051,0.05,0.05

>n380543
0.01,0.018,0.022,0.014,0.03,0.033,0.011,0.023,0.017,0.034,0.037,0.068,0.006,0.012,0.087,0.017,0.075,0.043,0.067,0.042,0.07,0.043,0.069,0.041,0.069,0.042

>n380651
0.059,0.021,0.042,0.042,0.036,0.021,0.003,0.029,0.034,0.021,0.028,0.028,0.035,0.026,0.037,0.059,0.055,0.048,0.046,0.05,0.044,0.046,0.047,0.046,0.05,0.047

>n380659
0.03,0.024,0.049,0.028,0.037,0.024,0.005,0.041,0.049,0.027,0.037,0.027,0.015,0.033,0.049,0.026,0.058,0.048,0.049,0.052,0.047,0.048,0.048,0.048,0.05,0.049

>n380677
0.042,0.024,0.04,0.034,0.034,0.023,0.005,0.035,0.031,0.021,0.025,0.033,0.033,0.029,0.04,0.059,0.058,0.049,0.048,0.048,0.048,0.047,0.048,0.048,0.048,0.049

>n380693
0.038,0.018,0.029,0.043,0.03,0.025,0.01,0.034,0.026,0.022,0.025,0.032,0.035,0.032,0.042,0.055,0.061,0.05,0.048,0.049,0.05,0.047,0.052,0.048,0.051,0.049

>n380707
0.047,0.024,0.047,0.03,0.034,0.026,0.004,0.039,0.036,0.024,0.033,0.028,0.033,0.027,0.038,0.041,0.059,0.049,0.049,0.047,0.05,0.045,0.049,0.047,0.048,0.046

>n380714
0.038,0.029,0.043,0.029,0.034,0.027,0.003,0.039,0.036,0.023,0.03,0.028,0.03,0.025,0.041,0.055,0.056,0.051,0.047,0.047,0.053,0.049,0.047,0.048,0.047,0.047

>n380761
0.05,0.034,0.04,0.028,0.038,0.03,0.003,0.051,0.037,0.023,0.031,0.019,0.028,0.034,0.037,0.037,0.055,0.05,0.049,0.046,0.051,0.046,0.046,0.047,0.047,0.047

>n380796
0.064,0.021,0.036,0.049,0.036,0.023,0.003,0.03,0.031,0.019,0.016,0.025,0.04,0.029,0.036,0.08,0.054,0.045,0.047,0.045,0.044,0.043,0.045,0.046,0.047,0.045

>n380806
0.041,0.023,0.037,0.035,0.033,0.038,0.005,0.038,0.031,0.026,0.027,0.027,0.03,0.027,0.041,0.051,0.057,0.049,0.048,0.048,0.048,0.047,0.049,0.048,0.047,0.048

>n380900
0.038,0.026,0.05,0.017,0.039,0.05,0.006,0.04,0.04,0.03,0.042,0.022,0.014,0.03,0.035,0.024,0.057,0.049,0.051,0.049,0.049,0.05,0.048,0.046,0.05,0.048

>n380909
0.018,0.019,0.032,0.01,0.035,0.052,0.023,0.035,0.025,0.044,0.042,0.021,0.002,0.029,0.035,0.015,0.068,0.056,0.055,0.056,0.054,0.057,0.054,0.057,0.054,0.053

>n380977
0.046,0.022,0.04,0.033,0.031,0.015,0.013,0.035,0.044,0.026,0.034,0.023,0.021,0.029,0.04,0.029,0.06,0.055,0.049,0.052,0.052,0.05,0.051,0.05,0.048,0.051

>n381011
0.065,0.025,0.034,0.057,0.034,0.017,0.001,0.033,0.031,0.015,0.018,0.025,0.05,0.029,0.037,0.066,0.054,0.046,0.046,0.046,0.045,0.046,0.045,0.045,0.045,0.046

>n381022
0.036,0.046,0.024,0.036,0.047,0.057,0.012,0.046,0.015,0.026,0.017,0.009,0.043,0.033,0.014,0.032,0.062,0.049,0.05,0.048,0.051,0.049,0.05,0.048,0.05,0.049

>n381026
0.025,0.033,0.037,0.023,0.046,0.043,0.01,0.046,0.028,0.036,0.026,0.02,0.018,0.033,0.037,0.023,0.063,0.053,0.048,0.051,0.052,0.046,0.053,0.049,0.049,0.049

>n381037
0.052,0.019,0.04,0.021,0.014,0.014,0.029,0.023,0.052,0.027,0.048,0.012,0.013,0.019,0.023,0.026,0.067,0.06,0.046,0.062,0.059,0.046,0.059,0.061,0.047,0.062

>n381041
0.027,0.03,0.039,0.015,0.043,0.05,0.013,0.035,0.031,0.036,0.043,0.018,0.01,0.025,0.033,0.019,0.062,0.053,0.052,0.053,0.053,0.051,0.051,0.053,0.051,0.052

>n381057
0.05,0.024,0.037,0.038,0.033,0.019,0.005,0.033,0.036,0.021,0.033,0.025,0.029,0.026,0.041,0.058,0.055,0.05,0.049,0.048,0.048,0.048,0.048,0.048,0.047,0.048

>n381071
0.032,0.023,0.039,0.027,0.038,0.052,0.006,0.046,0.036,0.026,0.034,0.026,0.015,0.039,0.045,0.032,0.056,0.049,0.049,0.047,0.046,0.048,0.048,0.047,0.048,0.048

>n381074
0.036,0.023,0.04,0.024,0.038,0.033,0.008,0.039,0.031,0.032,0.037,0.029,0.019,0.03,0.043,0.026,0.061,0.051,0.051,0.05,0.051,0.047,0.052,0.05,0.051,0.049

>n381076
0.034,0.029,0.042,0.033,0.04,0.027,0.005,0.037,0.037,0.022,0.026,0.029,0.027,0.032,0.041,0.049,0.058,0.05,0.047,0.048,0.047,0.047,0.048,0.049,0.047,0.049

>n381078
0.041,0.02,0.042,0.032,0.036,0.031,0.006,0.045,0.04,0.03,0.027,0.021,0.018,0.036,0.043,0.051,0.056,0.048,0.047,0.048,0.048,0.047,0.046,0.045,0.048,0.047

>n381081
0.03,0.021,0.04,0.026,0.039,0.029,0.007,0.031,0.032,0.031,0.04,0.029,0.016,0.025,0.044,0.044,0.06,0.051,0.052,0.051,0.05,0.048,0.052,0.05,0.05,0.05

>n381102
0.095,0.04,0.037,0.046,0.053,0.027,0.001,0.033,0.03,0.018,0.007,0.018,0.04,0.03,0.028,0.045,0.054,0.046,0.045,0.042,0.045,0.046,0.041,0.046,0.042,0.045

>n381159
0.041,0.024,0.035,0.028,0.037,0.033,0.016,0.029,0.029,0.033,0.033,0.02,0.021,0.025,0.031,0.031,0.065,0.053,0.052,0.054,0.053,0.049,0.053,0.052,0.051,0.053

>n381184
0.049,0.023,0.034,0.04,0.031,0.023,0.005,0.036,0.028,0.019,0.027,0.032,0.038,0.029,0.04,0.057,0.057,0.049,0.048,0.049,0.048,0.047,0.048,0.047,0.049,0.047

>n381187
0.042,0.019,0.04,0.03,0.03,0.035,0.008,0.04,0.029,0.022,0.03,0.031,0.03,0.036,0.034,0.05,0.058,0.051,0.047,0.049,0.048,0.048,0.047,0.049,0.048,0.047

>n381189
0.037,0.03,0.033,0.018,0.041,0.042,0.012,0.036,0.027,0.033,0.036,0.024,0.014,0.025,0.039,0.024,0.062,0.054,0.049,0.055,0.052,0.049,0.052,0.053,0.051,0.051

>n381200
0.049,0.025,0.029,0.05,0.036,0.024,0.005,0.035,0.026,0.019,0.02,0.027,0.042,0.033,0.037,0.062,0.057,0.047,0.048,0.047,0.048,0.046,0.048,0.047,0.047,0.047

>n381216
0.043,0.018,0.031,0.039,0.032,0.022,0.004,0.042,0.029,0.02,0.028,0.031,0.027,0.041,0.044,0.069,0.055,0.048,0.048,0.048,0.048,0.046,0.047,0.048,0.046,0.046

>n381222
0.048,0.022,0.048,0.024,0.03,0.036,0.002,0.049,0.045,0.025,0.04,0.018,0.02,0.033,0.037,0.049,0.051,0.051,0.046,0.046,0.044,0.048,0.048,0.049,0.045,0.045

>n381231
0.053,0.025,0.036,0.046,0.032,0.02,0.004,0.034,0.033,0.017,0.021,0.03,0.042,0.028,0.04,0.063,0.056,0.047,0.047,0.046,0.047,0.047,0.047,0.046,0.047,0.047

>n381268
0.059,0.024,0.034,0.041,0.033,0.019,0.006,0.032,0.04,0.016,0.03,0.026,0.026,0.031,0.042,0.062,0.054,0.049,0.046,0.051,0.047,0.044,0.048,0.047,0.048,0.048

>n381270
0.073,0.024,0.041,0.044,0.036,0.02,0.007,0.025,0.04,0.018,0.026,0.025,0.034,0.026,0.034,0.039,0.057,0.049,0.048,0.048,0.05,0.048,0.047,0.048,0.047,0.049

>n381272
0.059,0.023,0.041,0.045,0.034,0.016,0.002,0.033,0.038,0.018,0.025,0.029,0.037,0.027,0.042,0.058,0.055,0.046,0.048,0.048,0.046,0.047,0.046,0.046,0.047,0.046

>n381280
0.029,0.021,0.035,0.028,0.034,0.035,0.005,0.045,0.027,0.029,0.032,0.032,0.021,0.035,0.049,0.043,0.059,0.052,0.048,0.049,0.048,0.05,0.047,0.05,0.048,0.05

>n381323
0.027,0.029,0.032,0.027,0.042,0.043,0.009,0.04,0.026,0.031,0.03,0.027,0.019,0.032,0.042,0.033,0.062,0.05,0.051,0.05,0.05,0.049,0.051,0.049,0.05,0.049

>n381344
0.057,0.029,0.044,0.032,0.042,0.03,0.004,0.035,0.038,0.024,0.027,0.024,0.025,0.028,0.038,0.037,0.056,0.05,0.048,0.048,0.048,0.048,0.046,0.047,0.048,0.048

>n381351
0.051,0.027,0.032,0.049,0.033,0.016,0.003,0.034,0.026,0.015,0.018,0.031,0.049,0.027,0.038,0.076,0.057,0.045,0.048,0.046,0.046,0.047,0.047,0.046,0.047,0.047

>n381353
0.052,0.024,0.028,0.057,0.034,0.021,0.002,0.032,0.029,0.012,0.016,0.031,0.047,0.031,0.042,0.08,0.054,0.047,0.045,0.046,0.045,0.045,0.045,0.045,0.046,0.044

>n381364
0.039,0.022,0.032,0.044,0.032,0.023,0.004,0.037,0.028,0.022,0.027,0.028,0.038,0.029,0.042,0.063,0.056,0.047,0.048,0.048,0.049,0.046,0.05,0.048,0.047,0.048

>n381375
0.029,0.026,0.037,0.022,0.041,0.047,0.01,0.047,0.028,0.034,0.031,0.021,0.015,0.038,0.036,0.029,0.06,0.053,0.049,0.051,0.049,0.048,0.051,0.049,0.05,0.048

>n381381
0.023,0.02,0.031,0.025,0.029,0.033,0.013,0.036,0.027,0.029,0.038,0.032,0.02,0.03,0.043,0.041,0.063,0.055,0.052,0.052,0.052,0.05,0.054,0.052,0.05,0.051

>n381409
0.073,0.022,0.032,0.052,0.031,0.017,0.003,0.029,0.024,0.016,0.017,0.03,0.05,0.026,0.035,0.074,0.055,0.047,0.045,0.047,0.046,0.045,0.047,0.046,0.046,0.046

>n381414
0.031,0.019,0.042,0.023,0.039,0.035,0.011,0.029,0.029,0.035,0.037,0.029,0.016,0.025,0.041,0.029,0.063,0.053,0.051,0.053,0.052,0.05,0.052,0.051,0.05,0.052

>n381417
0.038,0.024,0.039,0.026,0.037,0.031,0.009,0.035,0.03,0.029,0.032,0.031,0.021,0.028,0.042,0.032,0.062,0.052,0.05,0.052,0.05,0.049,0.051,0.05,0.051,0.051

>n381419
0.045,0.023,0.036,0.032,0.041,0.027,0.008,0.031,0.029,0.023,0.031,0.03,0.022,0.034,0.038,0.047,0.058,0.048,0.05,0.051,0.051,0.048,0.05,0.049,0.049,0.05

>n381430
0.061,0.029,0.041,0.042,0.04,0.022,0.004,0.028,0.04,0.019,0.031,0.023,0.032,0.025,0.037,0.038,0.056,0.047,0.048,0.049,0.048,0.047,0.048,0.048,0.048,0.048

>n381431
0.057,0.028,0.041,0.039,0.038,0.023,0.006,0.029,0.039,0.02,0.033,0.024,0.03,0.025,0.037,0.039,0.057,0.048,0.049,0.049,0.049,0.048,0.049,0.048,0.048,0.048

>n381443
0.029,0.021,0.035,0.022,0.038,0.047,0.004,0.045,0.022,0.031,0.038,0.03,0.018,0.035,0.044,0.041,0.057,0.049,0.051,0.049,0.048,0.049,0.049,0.048,0.049,0.049

>n381444
0.047,0.026,0.036,0.036,0.036,0.026,0.007,0.036,0.035,0.021,0.026,0.028,0.028,0.032,0.039,0.051,0.057,0.05,0.047,0.049,0.049,0.046,0.049,0.048,0.048,0.047

>n381464
0.028,0.013,0.029,0.037,0.026,0.022,0.004,0.043,0.024,0.017,0.024,0.038,0.029,0.042,0.046,0.107,0.054,0.047,0.046,0.046,0.047,0.045,0.048,0.046,0.045,0.046

>n381468
0.042,0.028,0.04,0.037,0.037,0.024,0.006,0.036,0.034,0.023,0.027,0.027,0.034,0.028,0.038,0.045,0.06,0.05,0.048,0.049,0.048,0.046,0.051,0.046,0.049,0.047

>n381471
0.025,0.024,0.039,0.029,0.037,0.033,0.005,0.036,0.031,0.027,0.039,0.03,0.023,0.028,0.044,0.045,0.059,0.05,0.049,0.051,0.049,0.048,0.05,0.049,0.049,0.049

>n381509
0.064,0.027,0.033,0.053,0.042,0.02,0.004,0.035,0.028,0.019,0.016,0.023,0.044,0.034,0.034,0.054,0.057,0.045,0.046,0.045,0.047,0.046,0.046,0.045,0.046,0.046

>n381521
0.042,0.023,0.032,0.042,0.031,0.039,0.014,0.035,0.029,0.024,0.02,0.02,0.036,0.033,0.028,0.053,0.06,0.05,0.047,0.049,0.049,0.05,0.048,0.049,0.048,0.048

>n381526
0.052,0.029,0.04,0.037,0.036,0.018,0.007,0.03,0.032,0.023,0.025,0.03,0.039,0.021,0.037,0.044,0.061,0.049,0.049,0.049,0.049,0.047,0.05,0.05,0.049,0.048

>n381557
0.05,0.025,0.033,0.042,0.033,0.022,0.004,0.036,0.024,0.021,0.019,0.031,0.042,0.027,0.039,0.068,0.058,0.048,0.048,0.047,0.047,0.047,0.048,0.047,0.047,0.047

>n381559
0.035,0.024,0.03,0.043,0.036,0.031,0.006,0.037,0.027,0.025,0.027,0.029,0.035,0.029,0.044,0.044,0.061,0.047,0.051,0.047,0.05,0.047,0.051,0.047,0.051,0.047

>n381568
0.052,0.028,0.035,0.032,0.044,0.033,0.001,0.047,0.025,0.026,0.026,0.023,0.027,0.038,0.037,0.06,0.054,0.047,0.048,0.044,0.044,0.046,0.046,0.047,0.045,0.046

>n381580
0.034,0.025,0.034,0.025,0.035,0.04,0.013,0.04,0.034,0.027,0.032,0.023,0.015,0.036,0.036,0.039,0.059,0.052,0.05,0.052,0.048,0.049,0.052,0.05,0.05,0.049

>n381585
0.014,0.022,0.019,0.023,0.029,0.052,0.016,0.045,0.016,0.028,0.028,0.03,0.02,0.039,0.041,0.053,0.063,0.053,0.05,0.052,0.048,0.057,0.049,0.05,0.053,0.05

>n381586
0.012,0.029,0.021,0.02,0.038,0.07,0.018,0.04,0.02,0.029,0.026,0.025,0.012,0.038,0.034,0.046,0.063,0.054,0.049,0.053,0.047,0.055,0.05,0.05,0.051,0.05

>n381616
0.044,0.025,0.041,0.032,0.037,0.03,0.002,0.045,0.031,0.024,0.027,0.028,0.029,0.035,0.04,0.053,0.055,0.048,0.046,0.048,0.047,0.046,0.046,0.047,0.047,0.047

>n381623
0.038,0.024,0.032,0.033,0.035,0.032,0.008,0.039,0.029,0.025,0.03,0.026,0.026,0.033,0.04,0.047,0.059,0.051,0.048,0.05,0.049,0.048,0.051,0.048,0.05,0.049

>n381689
0.043,0.025,0.036,0.038,0.034,0.024,0.006,0.034,0.037,0.02,0.02,0.034,0.028,0.029,0.048,0.058,0.058,0.048,0.047,0.049,0.047,0.045,0.05,0.048,0.048,0.045

>n381696
0.039,0.024,0.039,0.031,0.032,0.026,0.012,0.031,0.036,0.027,0.038,0.024,0.025,0.024,0.037,0.03,0.062,0.053,0.05,0.052,0.052,0.049,0.051,0.052,0.052,0.05

>n381720
0.053,0.022,0.034,0.042,0.03,0.02,0.004,0.036,0.025,0.019,0.022,0.031,0.042,0.029,0.038,0.076,0.057,0.046,0.048,0.047,0.047,0.046,0.048,0.046,0.047,0.047

>n381727
0.018,0.02,0.028,0.028,0.032,0.033,0.008,0.046,0.02,0.028,0.026,0.03,0.024,0.038,0.042,0.079,0.059,0.051,0.05,0.048,0.049,0.048,0.05,0.05,0.049,0.047

>n381754
0.048,0.022,0.029,0.043,0.025,0.007,0.003,0.038,0.036,0.017,0.025,0.052,0.033,0.026,0.074,0.03,0.063,0.04,0.057,0.039,0.058,0.038,0.058,0.04,0.056,0.043

>n381773
0.028,0.023,0.043,0.019,0.036,0.042,0.017,0.032,0.035,0.036,0.04,0.02,0.013,0.026,0.031,0.019,0.065,0.056,0.05,0.054,0.052,0.051,0.053,0.053,0.052,0.055

>n381776
0.017,0.021,0.038,0.026,0.032,0.036,0.015,0.034,0.042,0.032,0.051,0.023,0.011,0.026,0.045,0.011,0.059,0.054,0.053,0.054,0.053,0.055,0.054,0.056,0.053,0.048

>n381782
0.05,0.031,0.043,0.028,0.048,0.035,0.009,0.032,0.036,0.029,0.026,0.022,0.017,0.029,0.035,0.025,0.061,0.05,0.047,0.051,0.05,0.044,0.053,0.05,0.046,0.051

>n381786
0.06,0.025,0.038,0.046,0.039,0.023,0.002,0.033,0.031,0.018,0.019,0.029,0.038,0.032,0.038,0.061,0.055,0.046,0.046,0.046,0.046,0.046,0.046,0.046,0.046,0.045

>n381789
0.064,0.023,0.033,0.046,0.035,0.019,0.007,0.031,0.029,0.018,0.023,0.025,0.039,0.031,0.032,0.061,0.056,0.049,0.048,0.047,0.048,0.048,0.048,0.047,0.048,0.046

>n381793
0.028,0.024,0.046,0.023,0.036,0.041,0.004,0.051,0.037,0.03,0.04,0.021,0.02,0.037,0.038,0.038,0.056,0.05,0.048,0.049,0.046,0.048,0.047,0.048,0.048,0.047

>n381805
0.029,0.024,0.037,0.024,0.032,0.032,0.007,0.043,0.033,0.028,0.043,0.028,0.02,0.03,0.045,0.037,0.059,0.05,0.052,0.05,0.051,0.048,0.05,0.049,0.051,0.049

>n381833
0.019,0.022,0.039,0.017,0.039,0.035,0.017,0.034,0.032,0.041,0.04,0.023,0.007,0.028,0.04,0.015,0.067,0.058,0.049,0.055,0.053,0.055,0.053,0.056,0.052,0.054

>n381838
0.045,0.024,0.034,0.041,0.034,0.029,0.006,0.038,0.032,0.02,0.028,0.027,0.033,0.033,0.039,0.05,0.057,0.048,0.047,0.048,0.049,0.047,0.048,0.048,0.048,0.048

>n381839
0.057,0.022,0.033,0.045,0.031,0.023,0.002,0.037,0.031,0.02,0.018,0.03,0.038,0.029,0.045,0.066,0.056,0.048,0.046,0.047,0.047,0.045,0.045,0.046,0.046,0.046

>n381846
0.033,0.021,0.03,0.026,0.034,0.037,0.009,0.045,0.027,0.028,0.029,0.029,0.017,0.039,0.045,0.05,0.059,0.05,0.05,0.048,0.051,0.046,0.05,0.049,0.051,0.047

>n381878
0.045,0.023,0.041,0.026,0.04,0.036,0.003,0.04,0.03,0.028,0.038,0.024,0.02,0.032,0.038,0.047,0.056,0.049,0.047,0.048,0.048,0.048,0.048,0.047,0.049,0.048

>n381885
0.045,0.028,0.032,0.037,0.037,0.031,0.004,0.044,0.026,0.023,0.026,0.025,0.035,0.034,0.038,0.047,0.058,0.049,0.047,0.048,0.048,0.047,0.046,0.049,0.046,0.048

>n381899
0.055,0.027,0.037,0.042,0.03,0.017,0.004,0.037,0.036,0.017,0.028,0.028,0.04,0.028,0.039,0.043,0.058,0.049,0.046,0.05,0.048,0.048,0.046,0.049,0.048,0.047

>n381912
0.049,0.028,0.028,0.055,0.037,0.022,0.002,0.035,0.027,0.013,0.014,0.027,0.047,0.034,0.037,0.081,0.055,0.045,0.045,0.046,0.046,0.045,0.046,0.045,0.045,0.044

>n381941
0.025,0.027,0.041,0.018,0.042,0.045,0.009,0.042,0.031,0.039,0.041,0.019,0.013,0.027,0.039,0.022,0.061,0.053,0.049,0.054,0.052,0.05,0.05,0.052,0.05,0.05

>n381942
0.027,0.026,0.04,0.022,0.045,0.031,0.015,0.031,0.033,0.035,0.037,0.023,0.01,0.029,0.035,0.023,0.064,0.057,0.05,0.053,0.049,0.056,0.052,0.052,0.051,0.053

>n381945
0.063,0.022,0.037,0.028,0.031,0.026,0.019,0.021,0.037,0.028,0.032,0.019,0.019,0.021,0.028,0.036,0.064,0.055,0.049,0.052,0.055,0.05,0.052,0.056,0.048,0.053

>n381958
0.03,0.025,0.034,0.029,0.038,0.028,0.009,0.037,0.026,0.025,0.03,0.035,0.024,0.034,0.042,0.037,0.063,0.052,0.048,0.05,0.05,0.05,0.052,0.048,0.05,0.053

>n381970
0.039,0.026,0.04,0.023,0.042,0.036,0.013,0.033,0.029,0.037,0.032,0.02,0.018,0.024,0.034,0.025,0.064,0.052,0.051,0.053,0.052,0.05,0.051,0.053,0.05,0.052

>n381979
0.026,0.035,0.034,0.024,0.045,0.033,0.011,0.036,0.032,0.029,0.035,0.024,0.017,0.027,0.04,0.027,0.063,0.051,0.051,0.052,0.054,0.049,0.052,0.051,0.051,0.05

>n381981
0.047,0.024,0.027,0.041,0.031,0.018,0.012,0.029,0.026,0.02,0.023,0.031,0.036,0.027,0.038,0.059,0.062,0.049,0.05,0.051,0.049,0.049,0.05,0.05,0.048,0.052

>n381993
0.046,0.02,0.032,0.042,0.029,0.026,0.006,0.039,0.034,0.022,0.026,0.027,0.031,0.032,0.044,0.056,0.057,0.047,0.049,0.048,0.048,0.048,0.048,0.048,0.047,0.048

>n382000
0.067,0.023,0.032,0.04,0.036,0.017,0.011,0.031,0.039,0.029,0.023,0.021,0.02,0.025,0.046,0.029,0.063,0.05,0.047,0.052,0.048,0.049,0.052,0.05,0.049,0.05

>n382009
0.035,0.023,0.038,0.019,0.033,0.035,0.024,0.025,0.038,0.038,0.036,0.018,0.01,0.02,0.031,0.014,0.069,0.057,0.052,0.056,0.056,0.052,0.058,0.055,0.052,0.058

>n382014
0.049,0.023,0.037,0.042,0.034,0.02,0.003,0.034,0.032,0.019,0.027,0.031,0.037,0.029,0.041,0.059,0.056,0.048,0.048,0.048,0.048,0.046,0.048,0.047,0.048,0.047

>n382015
0.045,0.019,0.033,0.049,0.024,0.02,0.008,0.036,0.029,0.025,0.017,0.026,0.048,0.024,0.039,0.061,0.06,0.051,0.046,0.05,0.049,0.045,0.05,0.05,0.046,0.05

>n382037
0.055,0.011,0.04,0.048,0.031,0.011,0.004,0.033,0.024,0.033,0.018,0.031,0.044,0.024,0.044,0.051,0.062,0.05,0.044,0.052,0.047,0.045,0.054,0.046,0.048,0.049

>n382059
0.047,0.026,0.038,0.046,0.042,0.023,0.003,0.03,0.04,0.019,0.029,0.026,0.028,0.03,0.044,0.047,0.056,0.049,0.046,0.048,0.047,0.048,0.046,0.047,0.047,0.047

>n382060
0.043,0.027,0.04,0.03,0.034,0.027,0.009,0.036,0.036,0.025,0.026,0.026,0.027,0.027,0.038,0.046,0.06,0.05,0.049,0.05,0.049,0.048,0.051,0.048,0.049,0.049

>n382061
0.043,0.025,0.038,0.031,0.032,0.027,0.01,0.035,0.033,0.025,0.026,0.027,0.028,0.027,0.038,0.048,0.06,0.049,0.05,0.051,0.049,0.049,0.05,0.049,0.05,0.049

>n382064
0.044,0.024,0.034,0.039,0.03,0.025,0.012,0.036,0.039,0.019,0.024,0.025,0.029,0.034,0.037,0.046,0.058,0.051,0.05,0.05,0.049,0.048,0.051,0.049,0.047,0.049

>n382077
0.044,0.023,0.031,0.043,0.037,0.026,0.006,0.033,0.027,0.021,0.022,0.032,0.032,0.032,0.045,0.06,0.058,0.048,0.048,0.048,0.048,0.047,0.047,0.049,0.047,0.047

>n382083
0.056,0.026,0.033,0.049,0.042,0.017,0.003,0.033,0.032,0.021,0.024,0.023,0.035,0.03,0.04,0.055,0.056,0.047,0.046,0.048,0.047,0.046,0.047,0.048,0.046,0.049

>n382094
0.045,0.025,0.034,0.033,0.034,0.027,0.007,0.038,0.029,0.024,0.025,0.029,0.029,0.029,0.042,0.054,0.059,0.049,0.049,0.049,0.049,0.048,0.048,0.048,0.049,0.049

>n382105
0.031,0.019,0.035,0.026,0.03,0.025,0.01,0.038,0.029,0.029,0.031,0.033,0.021,0.029,0.047,0.053,0.062,0.049,0.052,0.051,0.051,0.048,0.051,0.052,0.051,0.049

>n382131
0.038,0.026,0.03,0.039,0.036,0.031,0.004,0.043,0.023,0.022,0.022,0.03,0.035,0.036,0.041,0.06,0.058,0.048,0.048,0.047,0.048,0.046,0.048,0.047,0.047,0.047

>n382143
0.069,0.038,0.034,0.035,0.047,0.028,0.008,0.027,0.03,0.024,0.03,0.018,0.031,0.02,0.029,0.028,0.059,0.05,0.05,0.052,0.049,0.046,0.051,0.049,0.049,0.049

>n382148
0.062,0.024,0.036,0.042,0.035,0.022,0.006,0.033,0.027,0.022,0.022,0.022,0.04,0.027,0.03,0.065,0.056,0.049,0.049,0.048,0.046,0.047,0.049,0.046,0.048,0.046

>n382149
0.061,0.026,0.041,0.027,0.041,0.03,0.005,0.035,0.035,0.025,0.029,0.029,0.018,0.029,0.043,0.031,0.057,0.051,0.045,0.05,0.051,0.046,0.048,0.051,0.045,0.049

>n382181
0.057,0.024,0.03,0.049,0.034,0.017,0.003,0.035,0.027,0.015,0.018,0.033,0.042,0.033,0.043,0.068,0.056,0.046,0.047,0.047,0.046,0.046,0.045,0.047,0.046,0.046

>n382184
0.052,0.022,0.038,0.043,0.033,0.025,0.003,0.037,0.031,0.018,0.02,0.031,0.039,0.032,0.04,0.068,0.055,0.046,0.047,0.046,0.045,0.046,0.046,0.046,0.046,0.046

>n382207
0.062,0.026,0.032,0.047,0.037,0.028,0.003,0.034,0.027,0.017,0.022,0.027,0.041,0.031,0.036,0.06,0.055,0.045,0.048,0.046,0.046,0.047,0.044,0.048,0.045,0.046

>n382220
0.028,0.018,0.033,0.023,0.026,0.028,0.021,0.032,0.029,0.033,0.034,0.026,0.019,0.027,0.034,0.044,0.065,0.054,0.053,0.054,0.054,0.053,0.053,0.054,0.053,0.056

>n382224
0.025,0.017,0.03,0.021,0.027,0.036,0.023,0.031,0.027,0.037,0.038,0.022,0.014,0.026,0.033,0.033,0.066,0.057,0.055,0.055,0.057,0.052,0.055,0.054,0.053,0.055

>n382231
0.035,0.024,0.036,0.027,0.036,0.035,0.008,0.037,0.031,0.028,0.032,0.029,0.021,0.029,0.043,0.043,0.06,0.049,0.05,0.051,0.049,0.05,0.049,0.049,0.049,0.05

>n382233
0.024,0.021,0.033,0.024,0.035,0.041,0.01,0.037,0.027,0.032,0.04,0.028,0.015,0.029,0.044,0.037,0.061,0.051,0.052,0.051,0.052,0.05,0.051,0.052,0.051,0.051

>n382276
0.029,0.02,0.038,0.024,0.038,0.033,0.007,0.046,0.024,0.032,0.03,0.032,0.019,0.039,0.043,0.04,0.061,0.049,0.05,0.049,0.049,0.047,0.051,0.049,0.05,0.047

>n382286
0.021,0.026,0.036,0.017,0.043,0.054,0.012,0.044,0.026,0.038,0.037,0.022,0.01,0.035,0.038,0.02,0.062,0.053,0.05,0.053,0.051,0.05,0.052,0.049,0.052,0.051

>n382312
0.043,0.021,0.032,0.036,0.03,0.025,0.011,0.033,0.03,0.026,0.027,0.027,0.03,0.027,0.041,0.053,0.06,0.05,0.051,0.051,0.049,0.049,0.05,0.05,0.048,0.049

>n382317
0.039,0.028,0.031,0.034,0.038,0.027,0.011,0.033,0.031,0.025,0.027,0.027,0.024,0.029,0.041,0.041,0.061,0.051,0.05,0.051,0.051,0.048,0.051,0.051,0.048,0.051

>n382328
0.039,0.026,0.039,0.033,0.033,0.022,0.007,0.033,0.034,0.023,0.029,0.031,0.031,0.024,0.042,0.052,0.06,0.05,0.049,0.051,0.048,0.048,0.049,0.05,0.049,0.048

>n382330
0.044,0.02,0.034,0.05,0.027,0.015,0.004,0.03,0.033,0.016,0.021,0.037,0.043,0.025,0.049,0.066,0.059,0.046,0.049,0.046,0.049,0.047,0.049,0.047,0.047,0.046

>n382350
0.045,0.025,0.035,0.044,0.037,0.022,0.004,0.031,0.034,0.018,0.029,0.031,0.033,0.029,0.044,0.052,0.058,0.048,0.049,0.048,0.048,0.048,0.048,0.048,0.046,0.047

>n382428
0.061,0.02,0.029,0.028,0.021,0.025,0.018,0.027,0.035,0.027,0.039,0.022,0.021,0.018,0.038,0.033,0.063,0.052,0.053,0.057,0.052,0.053,0.051,0.052,0.053,0.051

>n382440
0.048,0.029,0.035,0.029,0.038,0.037,0.015,0.032,0.035,0.028,0.029,0.019,0.02,0.028,0.033,0.026,0.063,0.053,0.047,0.054,0.051,0.047,0.052,0.051,0.048,0.052

>n382464
0.043,0.029,0.04,0.038,0.043,0.026,0.005,0.038,0.035,0.02,0.018,0.03,0.029,0.037,0.039,0.049,0.057,0.049,0.046,0.049,0.047,0.046,0.047,0.048,0.046,0.047

>n382474
0.053,0.038,0.041,0.028,0.053,0.032,0.01,0.026,0.035,0.025,0.027,0.021,0.018,0.026,0.031,0.027,0.061,0.051,0.051,0.048,0.053,0.046,0.052,0.048,0.051,0.048

>n382487
0.029,0.024,0.032,0.013,0.036,0.04,0.026,0.03,0.024,0.04,0.041,0.018,0.01,0.028,0.023,0.013,0.069,0.06,0.052,0.059,0.057,0.053,0.058,0.056,0.055,0.054

>n382490
0.05,0.02,0.038,0.037,0.033,0.026,0.004,0.039,0.034,0.024,0.028,0.029,0.028,0.032,0.045,0.048,0.056,0.047,0.05,0.047,0.048,0.046,0.048,0.048,0.047,0.047

>n382495
0.055,0.031,0.053,0.023,0.024,0.017,0.017,0.028,0.068,0.02,0.042,0.017,0.015,0.018,0.034,0.016,0.061,0.055,0.047,0.053,0.053,0.047,0.055,0.053,0.046,0.052

>n382497
0.045,0.028,0.04,0.029,0.039,0.029,0.013,0.029,0.033,0.026,0.034,0.023,0.024,0.027,0.029,0.032,0.061,0.054,0.049,0.052,0.051,0.049,0.052,0.051,0.05,0.052

>n382502
0.035,0.023,0.039,0.028,0.031,0.037,0.009,0.04,0.032,0.028,0.038,0.023,0.026,0.03,0.035,0.046,0.058,0.051,0.048,0.049,0.051,0.048,0.05,0.048,0.05,0.05

>n382507
0.029,0.02,0.042,0.017,0.034,0.041,0.007,0.042,0.03,0.035,0.05,0.023,0.015,0.029,0.038,0.034,0.057,0.051,0.051,0.051,0.051,0.05,0.05,0.049,0.051,0.05

>n382508
0.039,0.024,0.042,0.03,0.033,0.026,0.006,0.038,0.037,0.025,0.039,0.027,0.025,0.028,0.042,0.041,0.057,0.051,0.049,0.049,0.05,0.047,0.049,0.049,0.048,0.049

>n382511
0.047,0.023,0.039,0.042,0.034,0.017,0.003,0.034,0.028,0.018,0.02,0.033,0.043,0.029,0.037,0.074,0.057,0.046,0.048,0.047,0.047,0.047,0.046,0.046,0.047,0.048

>n382512
0.026,0.022,0.046,0.031,0.039,0.034,0.009,0.034,0.043,0.032,0.041,0.021,0.017,0.028,0.041,0.023,0.06,0.052,0.05,0.051,0.051,0.046,0.05,0.051,0.048,0.051

>n382553
0.058,0.026,0.033,0.052,0.033,0.013,0.001,0.029,0.03,0.012,0.016,0.03,0.049,0.025,0.038,0.086,0.055,0.045,0.046,0.046,0.045,0.047,0.045,0.046,0.045,0.047

>n382632
0.074,0.023,0.047,0.037,0.035,0.024,0.005,0.026,0.046,0.017,0.026,0.03,0.026,0.025,0.041,0.04,0.054,0.051,0.044,0.048,0.049,0.044,0.048,0.048,0.046,0.048

>n382635
0.049,0.028,0.034,0.038,0.042,0.034,0.005,0.037,0.031,0.021,0.028,0.024,0.028,0.034,0.038,0.044,0.057,0.049,0.047,0.048,0.048,0.047,0.048,0.048,0.047,0.048

>n382643
0.022,0.023,0.039,0.02,0.038,0.044,0.013,0.034,0.03,0.034,0.046,0.024,0.014,0.027,0.037,0.02,0.063,0.052,0.053,0.053,0.053,0.051,0.053,0.052,0.053,0.052

>n382664
0.016,0.021,0.041,0.013,0.036,0.048,0.015,0.032,0.032,0.04,0.059,0.02,0.007,0.022,0.036,0.012,0.063,0.056,0.053,0.056,0.054,0.052,0.056,0.054,0.052,0.055

>n382670
0.019,0.023,0.044,0.012,0.035,0.04,0.019,0.028,0.037,0.038,0.051,0.021,0.008,0.021,0.032,0.012,0.065,0.058,0.052,0.057,0.055,0.051,0.057,0.055,0.052,0.056

>n382687
0.049,0.025,0.03,0.04,0.03,0.027,0.005,0.036,0.025,0.019,0.022,0.031,0.04,0.028,0.039,0.07,0.058,0.047,0.047,0.048,0.048,0.047,0.048,0.046,0.047,0.047

>n382691
0.018,0.026,0.039,0.016,0.043,0.049,0.015,0.034,0.028,0.041,0.045,0.019,0.01,0.025,0.034,0.015,0.065,0.055,0.053,0.054,0.054,0.05,0.054,0.053,0.052,0.053

>n382698
0.042,0.024,0.047,0.027,0.033,0.023,0.007,0.031,0.038,0.027,0.04,0.027,0.027,0.021,0.038,0.038,0.06,0.051,0.049,0.051,0.049,0.049,0.051,0.049,0.051,0.049

>n382699
0.029,0.018,0.039,0.019,0.026,0.035,0.02,0.03,0.035,0.033,0.041,0.024,0.015,0.025,0.032,0.03,0.065,0.056,0.052,0.056,0.053,0.053,0.055,0.053,0.052,0.053

>n382702
0.015,0.022,0.04,0.011,0.036,0.049,0.018,0.029,0.03,0.041,0.057,0.02,0.007,0.021,0.033,0.013,0.064,0.058,0.053,0.057,0.056,0.051,0.056,0.055,0.052,0.055

>n382908
0.037,0.031,0.035,0.021,0.041,0.044,0.014,0.034,0.031,0.033,0.036,0.019,0.015,0.025,0.033,0.023,0.063,0.052,0.052,0.053,0.051,0.051,0.052,0.053,0.05,0.051

>n382918
0.05,0.022,0.036,0.037,0.032,0.023,0.005,0.036,0.03,0.019,0.027,0.031,0.033,0.031,0.039,0.065,0.056,0.049,0.048,0.049,0.047,0.047,0.047,0.048,0.046,0.048

>n382927
0.047,0.026,0.036,0.037,0.036,0.018,0.005,0.034,0.035,0.02,0.029,0.03,0.028,0.029,0.044,0.049,0.057,0.05,0.048,0.049,0.048,0.048,0.047,0.049,0.048,0.05

>n382930
0.045,0.026,0.035,0.04,0.034,0.027,0.003,0.038,0.029,0.023,0.024,0.027,0.038,0.027,0.04,0.061,0.057,0.048,0.048,0.047,0.046,0.045,0.049,0.047,0.047,0.047

>n382933
0.022,0.023,0.037,0.015,0.032,0.039,0.023,0.03,0.033,0.039,0.043,0.019,0.01,0.023,0.031,0.02,0.068,0.058,0.051,0.057,0.056,0.052,0.055,0.057,0.054,0.055

>n382953
0.038,0.024,0.034,0.033,0.036,0.027,0.012,0.033,0.035,0.029,0.025,0.024,0.02,0.029,0.04,0.045,0.061,0.052,0.05,0.05,0.051,0.05,0.051,0.049,0.05,0.051

>n382960
0.028,0.027,0.04,0.02,0.043,0.054,0.014,0.043,0.033,0.031,0.031,0.019,0.011,0.041,0.029,0.027,0.06,0.05,0.049,0.051,0.049,0.049,0.05,0.05,0.05,0.05

>n382961
0.029,0.024,0.033,0.023,0.035,0.036,0.01,0.039,0.027,0.03,0.036,0.028,0.018,0.03,0.042,0.04,0.061,0.052,0.051,0.051,0.051,0.048,0.052,0.05,0.05,0.051

>n382962
0.039,0.024,0.033,0.034,0.035,0.023,0.012,0.036,0.032,0.027,0.025,0.028,0.024,0.032,0.043,0.038,0.062,0.053,0.047,0.052,0.051,0.049,0.051,0.05,0.05,0.051

>n382975
0.029,0.026,0.028,0.033,0.037,0.033,0.01,0.032,0.023,0.026,0.026,0.034,0.026,0.027,0.046,0.052,0.064,0.049,0.051,0.05,0.05,0.05,0.051,0.048,0.051,0.05

>n382982
0.021,0.017,0.035,0.018,0.029,0.042,0.026,0.024,0.028,0.042,0.047,0.019,0.013,0.02,0.028,0.018,0.07,0.061,0.051,0.058,0.057,0.054,0.056,0.059,0.051,0.058

>n382989
0.06,0.02,0.034,0.051,0.028,0.014,0.004,0.037,0.039,0.02,0.019,0.022,0.038,0.028,0.044,0.071,0.054,0.047,0.048,0.045,0.045,0.047,0.045,0.045,0.045,0.048

>n382996
0.032,0.026,0.021,0.025,0.034,0.035,0.018,0.044,0.024,0.045,0.017,0.018,0.015,0.024,0.047,0.035,0.069,0.053,0.05,0.053,0.054,0.05,0.054,0.054,0.052,0.054

>n383003
0.038,0.018,0.054,0.029,0.034,0.021,0.004,0.027,0.045,0.026,0.05,0.032,0.021,0.022,0.045,0.03,0.057,0.05,0.051,0.05,0.049,0.048,0.051,0.048,0.052,0.048

>n383019
0.031,0.023,0.037,0.025,0.033,0.033,0.007,0.038,0.032,0.027,0.038,0.031,0.02,0.028,0.045,0.045,0.058,0.051,0.05,0.051,0.05,0.049,0.05,0.05,0.05,0.049

>n383025
0.021,0.023,0.034,0.013,0.033,0.051,0.018,0.039,0.029,0.035,0.039,0.024,0.009,0.032,0.035,0.026,0.065,0.054,0.053,0.053,0.053,0.051,0.053,0.054,0.052,0.053

>n383026
0.021,0.023,0.034,0.013,0.033,0.05,0.018,0.039,0.028,0.036,0.04,0.023,0.009,0.031,0.036,0.026,0.065,0.054,0.053,0.053,0.053,0.052,0.053,0.054,0.052,0.053

>n383032
0.023,0.024,0.035,0.013,0.032,0.039,0.018,0.031,0.03,0.036,0.049,0.024,0.01,0.021,0.038,0.018,0.066,0.057,0.053,0.057,0.055,0.053,0.056,0.055,0.053,0.056

>n383033
0.023,0.032,0.042,0.028,0.051,0.037,0.007,0.039,0.035,0.034,0.037,0.02,0.016,0.031,0.041,0.017,0.059,0.053,0.047,0.054,0.048,0.05,0.051,0.049,0.05,0.049

>n383038
0.052,0.031,0.043,0.025,0.042,0.036,0.01,0.041,0.04,0.028,0.022,0.018,0.016,0.035,0.034,0.04,0.057,0.049,0.048,0.049,0.048,0.046,0.05,0.047,0.048,0.046

>n383040
0.032,0.026,0.035,0.016,0.037,0.032,0.016,0.037,0.027,0.036,0.036,0.024,0.013,0.028,0.036,0.026,0.066,0.052,0.053,0.054,0.055,0.052,0.053,0.053,0.053,0.053

>n383055
0.042,0.023,0.044,0.018,0.047,0.047,0.012,0.029,0.023,0.041,0.038,0.019,0.015,0.024,0.027,0.014,0.064,0.053,0.053,0.054,0.054,0.046,0.054,0.052,0.05,0.055

>n383057
0.036,0.024,0.035,0.02,0.033,0.032,0.022,0.028,0.029,0.029,0.035,0.026,0.016,0.029,0.028,0.021,0.068,0.054,0.056,0.054,0.054,0.053,0.055,0.054,0.055,0.053

>n383076
0.02,0.021,0.028,0.012,0.03,0.071,0.024,0.052,0.024,0.031,0.027,0.018,0.006,0.055,0.021,0.036,0.065,0.053,0.045,0.054,0.053,0.047,0.053,0.051,0.051,0.052

>n383077
0.048,0.023,0.037,0.043,0.036,0.022,0.004,0.033,0.031,0.021,0.024,0.029,0.035,0.029,0.041,0.064,0.056,0.048,0.047,0.047,0.049,0.046,0.047,0.048,0.046,0.048

>n383080
0.022,0.023,0.029,0.019,0.034,0.041,0.022,0.03,0.025,0.037,0.048,0.02,0.012,0.027,0.03,0.016,0.067,0.058,0.051,0.06,0.059,0.047,0.059,0.056,0.053,0.057

