Data type: RNA sequences
Mode: PC-PseDNC-General
Physicochemical properties: ['Rise (RNA)', 'Tilt (RNA)', 'Twist (RNA)', 'Slide (RNA)', 'Shift (RNA)', 'Roll (RNA)']
Lambda: 10
W: 0.05

>n345881
0.045,0.027,0.042,0.034,0.038,0.029,0.004,0.038,0.038,0.022,0.031,0.026,0.027,0.031,0.041,0.045,0.056,0.049,0.048,0.048,0.048,0.046,0.048,0.048,0.047,0.047

>n345885
0.016,0.021,0.043,0.015,0.04,0.046,0.015,0.031,0.032,0.04,0.044,0.026,0.007,0.025,0.04,0.013,0.065,0.057,0.051,0.053,0.054,0.054,0.054,0.054,0.05,0.054

>n345886
0.041,0.024,0.038,0.035,0.037,0.029,0.005,0.039,0.034,0.024,0.033,0.026,0.026,0.032,0.042,0.046,0.057,0.049,0.049,0.049,0.048,0.048,0.049,0.047,0.048,0.047

>n345887
0.036,0.024,0.036,0.021,0.033,0.032,0.013,0.037,0.035,0.035,0.043,0.019,0.012,0.024,0.04,0.029,0.061,0.052,0.051,0.053,0.053,0.051,0.052,0.051,0.054,0.053

>n345888
0.042,0.024,0.036,0.029,0.034,0.028,0.017,0.027,0.029,0.034,0.029,0.022,0.025,0.02,0.033,0.03,0.066,0.056,0.05,0.052,0.055,0.051,0.053,0.052,0.055,0.05

>n345903
0.03,0.029,0.036,0.025,0.041,0.029,0.017,0.024,0.039,0.032,0.038,0.023,0.009,0.021,0.042,0.014,0.065,0.053,0.053,0.054,0.054,0.053,0.055,0.054,0.054,0.055

>n345904
0.061,0.024,0.041,0.039,0.035,0.019,0.005,0.035,0.035,0.022,0.024,0.024,0.033,0.03,0.035,0.051,0.056,0.047,0.047,0.048,0.047,0.047,0.047,0.049,0.047,0.049

>n345909
0.044,0.028,0.028,0.039,0.032,0.053,0.009,0.032,0.037,0.025,0.037,0.018,0.025,0.018,0.046,0.021,0.056,0.058,0.049,0.051,0.051,0.046,0.052,0.048,0.046,0.051

>n345912
0.079,0.025,0.041,0.034,0.034,0.017,0.013,0.018,0.039,0.018,0.027,0.026,0.028,0.021,0.028,0.031,0.06,0.054,0.049,0.053,0.053,0.047,0.05,0.054,0.049,0.053

>n345915
0.036,0.023,0.049,0.034,0.029,0.031,0.012,0.027,0.06,0.023,0.033,0.026,0.017,0.021,0.05,0.022,0.059,0.053,0.047,0.052,0.048,0.049,0.05,0.048,0.051,0.048

>n345916
0.004,0.016,0.049,0.015,0.037,0.037,0.024,0.025,0.039,0.046,0.048,0.021,0.004,0.024,0.033,0.003,0.069,0.058,0.056,0.052,0.055,0.059,0.051,0.055,0.057,0.06

>n345925
0.042,0.02,0.038,0.039,0.038,0.025,0.005,0.037,0.04,0.02,0.03,0.032,0.02,0.038,0.05,0.043,0.057,0.05,0.046,0.047,0.048,0.048,0.047,0.047,0.048,0.045

>n345934
0.042,0.028,0.035,0.039,0.037,0.03,0.006,0.038,0.032,0.025,0.024,0.024,0.032,0.028,0.041,0.053,0.058,0.05,0.047,0.049,0.045,0.048,0.049,0.047,0.047,0.048

>n345935
0.052,0.029,0.034,0.038,0.036,0.028,0.005,0.036,0.028,0.018,0.021,0.029,0.036,0.031,0.036,0.059,0.057,0.046,0.047,0.048,0.048,0.048,0.047,0.048,0.048,0.047

>n345939
0.042,0.021,0.038,0.038,0.036,0.021,0.013,0.04,0.038,0.025,0.025,0.019,0.025,0.04,0.032,0.045,0.06,0.051,0.048,0.05,0.046,0.051,0.046,0.05,0.051,0.047

>n345941
0.064,0.024,0.027,0.029,0.026,0.033,0.014,0.027,0.029,0.019,0.024,0.029,0.026,0.024,0.036,0.054,0.061,0.053,0.05,0.047,0.051,0.05,0.051,0.051,0.05,0.049

>n345943
0.015,0.02,0.05,0.016,0.041,0.048,0.013,0.032,0.038,0.044,0.048,0.02,0.007,0.023,0.037,0.012,0.064,0.053,0.054,0.053,0.052,0.052,0.05,0.054,0.048,0.055

>n345954
0.049,0.024,0.038,0.028,0.034,0.03,0.012,0.036,0.038,0.026,0.03,0.023,0.017,0.032,0.038,0.036,0.059,0.051,0.05,0.051,0.051,0.047,0.051,0.048,0.051,0.048

>n345955
0.075,0.029,0.047,0.039,0.04,0.013,0.006,0.029,0.046,0.021,0.019,0.023,0.029,0.026,0.037,0.036,0.057,0.048,0.048,0.047,0.046,0.047,0.048,0.046,0.048,0.048

>n345957
0.081,0.038,0.038,0.041,0.049,0.03,0.006,0.028,0.028,0.021,0.009,0.021,0.041,0.023,0.023,0.041,0.059,0.048,0.047,0.047,0.047,0.047,0.045,0.051,0.043,0.046

>n345960
0.008,0.022,0.029,0.01,0.03,0.057,0.021,0.033,0.024,0.031,0.042,0.038,0.007,0.031,0.043,0.015,0.069,0.057,0.055,0.052,0.059,0.05,0.053,0.055,0.057,0.052

>n345966
0.058,0.018,0.028,0.025,0.021,0.022,0.019,0.027,0.032,0.029,0.04,0.026,0.02,0.02,0.039,0.032,0.065,0.054,0.054,0.058,0.053,0.052,0.054,0.05,0.053,0.052

>n345971
0.009,0.022,0.023,0.011,0.029,0.044,0.026,0.036,0.021,0.045,0.041,0.023,0.007,0.024,0.039,0.013,0.073,0.06,0.054,0.06,0.056,0.058,0.056,0.058,0.056,0.058

>n345975
0.033,0.022,0.044,0.028,0.033,0.03,0.008,0.037,0.035,0.03,0.036,0.026,0.025,0.028,0.039,0.037,0.06,0.051,0.051,0.05,0.049,0.049,0.05,0.05,0.049,0.05

>n345977
0.015,0.02,0.038,0.013,0.031,0.049,0.026,0.028,0.035,0.041,0.045,0.015,0.004,0.024,0.027,0.021,0.069,0.057,0.055,0.057,0.055,0.052,0.057,0.057,0.052,0.056

>n345981
0.035,0.028,0.038,0.032,0.041,0.029,0.009,0.041,0.035,0.028,0.026,0.025,0.022,0.035,0.041,0.033,0.061,0.051,0.047,0.051,0.05,0.048,0.049,0.049,0.048,0.05

>n345988
0.029,0.02,0.028,0.027,0.031,0.031,0.019,0.034,0.032,0.031,0.036,0.028,0.011,0.033,0.044,0.018,0.065,0.054,0.053,0.056,0.056,0.049,0.055,0.054,0.05,0.055

>n346007
0.064,0.029,0.042,0.041,0.041,0.022,0.004,0.026,0.039,0.02,0.031,0.024,0.032,0.023,0.036,0.039,0.057,0.048,0.048,0.049,0.048,0.048,0.047,0.048,0.047,0.048

>n346012
0.047,0.024,0.044,0.034,0.04,0.025,0.007,0.027,0.04,0.024,0.032,0.029,0.022,0.026,0.042,0.037,0.058,0.051,0.049,0.049,0.05,0.048,0.048,0.05,0.048,0.05

>n346026
0.054,0.029,0.044,0.028,0.041,0.027,0.007,0.03,0.038,0.026,0.033,0.027,0.022,0.023,0.039,0.026,0.06,0.051,0.049,0.05,0.05,0.047,0.051,0.048,0.049,0.05

>n346031
0.035,0.028,0.036,0.02,0.041,0.034,0.017,0.033,0.031,0.035,0.035,0.021,0.012,0.027,0.034,0.02,0.065,0.052,0.053,0.054,0.054,0.052,0.051,0.054,0.05,0.054

>n346032
0.048,0.024,0.039,0.042,0.032,0.023,0.003,0.043,0.035,0.021,0.029,0.024,0.038,0.032,0.038,0.051,0.056,0.048,0.047,0.047,0.047,0.047,0.046,0.047,0.048,0.047

>n346033
0.016,0.017,0.04,0.016,0.03,0.037,0.019,0.031,0.037,0.034,0.064,0.023,0.006,0.029,0.036,0.01,0.063,0.057,0.056,0.056,0.052,0.05,0.055,0.052,0.056,0.055

>n346040
0.017,0.026,0.034,0.013,0.035,0.046,0.02,0.031,0.032,0.039,0.046,0.021,0.006,0.02,0.038,0.01,0.066,0.059,0.051,0.059,0.055,0.055,0.053,0.057,0.053,0.056

>n346041
0.043,0.02,0.038,0.02,0.031,0.024,0.022,0.027,0.035,0.035,0.033,0.023,0.013,0.025,0.032,0.025,0.068,0.055,0.053,0.056,0.054,0.051,0.055,0.053,0.054,0.056

>n346051
0.049,0.023,0.036,0.04,0.032,0.023,0.004,0.034,0.033,0.023,0.032,0.028,0.034,0.025,0.044,0.045,0.057,0.05,0.049,0.049,0.049,0.049,0.048,0.048,0.047,0.048

>n346060
0.05,0.027,0.04,0.028,0.037,0.028,0.01,0.033,0.034,0.027,0.021,0.028,0.023,0.026,0.039,0.046,0.061,0.051,0.045,0.05,0.05,0.048,0.049,0.05,0.049,0.049

>n346066
0.027,0.023,0.033,0.023,0.03,0.038,0.013,0.042,0.029,0.036,0.039,0.02,0.02,0.026,0.039,0.031,0.064,0.052,0.053,0.051,0.052,0.051,0.051,0.051,0.053,0.051

>n346067
0.024,0.023,0.031,0.013,0.028,0.05,0.026,0.034,0.033,0.035,0.042,0.015,0.008,0.029,0.026,0.027,0.065,0.057,0.054,0.054,0.054,0.055,0.053,0.055,0.055,0.054

>n346071
0.053,0.027,0.038,0.039,0.037,0.023,0.006,0.033,0.04,0.02,0.026,0.026,0.026,0.03,0.041,0.042,0.057,0.048,0.05,0.048,0.049,0.048,0.048,0.05,0.047,0.047

>n346075
0.063,0.023,0.043,0.033,0.04,0.04,0.018,0.028,0.045,0.02,0.013,0.023,0.01,0.043,0.028,0.038,0.061,0.046,0.049,0.052,0.045,0.049,0.047,0.048,0.05,0.047

>n346078
0.023,0.033,0.029,0.015,0.025,0.028,0.029,0.023,0.039,0.029,0.041,0.02,0.013,0.015,0.029,0.013,0.072,0.055,0.055,0.064,0.061,0.055,0.059,0.061,0.051,0.063

>n346081
0.029,0.017,0.047,0.021,0.035,0.03,0.004,0.033,0.036,0.034,0.065,0.028,0.015,0.02,0.047,0.017,0.058,0.056,0.05,0.054,0.052,0.047,0.049,0.054,0.051,0.053

>n346082
0.046,0.028,0.037,0.036,0.04,0.026,0.008,0.035,0.032,0.024,0.022,0.027,0.029,0.03,0.039,0.041,0.061,0.047,0.05,0.049,0.049,0.049,0.048,0.05,0.047,0.051

>n346094
0.026,0.024,0.037,0.025,0.036,0.031,0.012,0.036,0.039,0.03,0.041,0.026,0.012,0.029,0.046,0.027,0.061,0.054,0.053,0.051,0.05,0.052,0.05,0.052,0.053,0.05

>n346101
0.027,0.015,0.027,0.013,0.013,0.03,0.034,0.028,0.032,0.038,0.046,0.021,0.011,0.021,0.031,0.017,0.074,0.06,0.058,0.057,0.057,0.062,0.056,0.06,0.056,0.057

>n346109
0.024,0.025,0.041,0.021,0.043,0.047,0.005,0.04,0.029,0.033,0.046,0.026,0.015,0.029,0.043,0.024,0.058,0.052,0.051,0.051,0.049,0.05,0.049,0.049,0.049,0.052

>n346110
0.024,0.035,0.041,0.024,0.049,0.046,0.01,0.043,0.03,0.034,0.024,0.019,0.021,0.033,0.032,0.022,0.063,0.053,0.049,0.05,0.053,0.046,0.052,0.049,0.051,0.047

>n346116
0.056,0.024,0.042,0.036,0.037,0.026,0.013,0.031,0.041,0.031,0.025,0.016,0.024,0.027,0.033,0.027,0.06,0.051,0.051,0.051,0.049,0.05,0.051,0.049,0.05,0.05

>n346126
0.053,0.019,0.054,0.03,0.034,0.026,0.011,0.027,0.049,0.031,0.031,0.022,0.02,0.022,0.036,0.025,0.059,0.053,0.047,0.051,0.05,0.049,0.05,0.05,0.047,0.053

>n346128
0.022,0.019,0.033,0.024,0.027,0.029,0.018,0.034,0.03,0.033,0.038,0.026,0.019,0.027,0.037,0.039,0.067,0.052,0.053,0.055,0.054,0.05,0.054,0.053,0.053,0.054

>n346137
0.039,0.019,0.045,0.024,0.029,0.03,0.013,0.036,0.039,0.029,0.042,0.023,0.02,0.029,0.033,0.029,0.061,0.052,0.052,0.051,0.053,0.05,0.05,0.053,0.05,0.05

>n346143
0.038,0.026,0.039,0.026,0.034,0.032,0.012,0.038,0.038,0.029,0.034,0.022,0.018,0.029,0.038,0.032,0.061,0.05,0.05,0.051,0.051,0.049,0.052,0.051,0.052,0.049

>n346167
0.045,0.024,0.037,0.032,0.034,0.033,0.011,0.029,0.036,0.023,0.034,0.027,0.024,0.027,0.037,0.036,0.06,0.052,0.047,0.051,0.051,0.048,0.051,0.05,0.049,0.051

>n346171
0.018,0.021,0.042,0.015,0.039,0.042,0.016,0.032,0.031,0.04,0.044,0.024,0.008,0.025,0.038,0.015,0.065,0.057,0.051,0.055,0.054,0.053,0.054,0.054,0.053,0.054

>n346177
0.029,0.027,0.048,0.018,0.045,0.038,0.008,0.035,0.03,0.029,0.027,0.032,0.018,0.032,0.035,0.043,0.061,0.052,0.048,0.052,0.047,0.05,0.051,0.049,0.05,0.047

>n346186
0.045,0.023,0.032,0.042,0.029,0.023,0.006,0.035,0.038,0.025,0.027,0.026,0.031,0.023,0.05,0.045,0.059,0.05,0.048,0.049,0.051,0.047,0.049,0.047,0.049,0.05

>n346188
0.018,0.025,0.03,0.019,0.043,0.038,0.013,0.045,0.025,0.026,0.044,0.029,0.006,0.048,0.038,0.031,0.059,0.052,0.05,0.051,0.053,0.054,0.05,0.052,0.049,0.055

>n346189
0.013,0.012,0.008,0.005,0.01,0.061,0.05,0.018,0.012,0.045,0.051,0.017,0.003,0.023,0.013,0.007,0.078,0.069,0.063,0.066,0.06,0.068,0.057,0.058,0.071,0.062

>n346196
0.022,0.012,0.047,0.042,0.025,0.015,0.007,0.032,0.047,0.017,0.032,0.045,0.032,0.032,0.055,0.035,0.061,0.051,0.046,0.046,0.052,0.048,0.05,0.045,0.051,0.05

>n346200
0.045,0.025,0.04,0.034,0.036,0.028,0.009,0.034,0.037,0.024,0.032,0.026,0.025,0.031,0.038,0.033,0.059,0.049,0.05,0.052,0.049,0.049,0.05,0.049,0.048,0.049

>n346205
0.022,0.029,0.034,0.018,0.04,0.033,0.016,0.034,0.031,0.038,0.036,0.024,0.009,0.024,0.044,0.014,0.068,0.056,0.052,0.055,0.055,0.052,0.054,0.055,0.052,0.055

>n346211
0.056,0.027,0.04,0.045,0.039,0.02,0.004,0.034,0.045,0.016,0.022,0.02,0.029,0.034,0.037,0.062,0.053,0.049,0.046,0.046,0.045,0.044,0.046,0.047,0.046,0.045

>n346227
0.031,0.019,0.034,0.027,0.028,0.04,0.007,0.038,0.034,0.024,0.033,0.026,0.018,0.029,0.044,0.085,0.054,0.051,0.046,0.049,0.045,0.045,0.05,0.047,0.045,0.049

>n346236
0.03,0.023,0.031,0.034,0.042,0.028,0.008,0.031,0.031,0.027,0.036,0.034,0.014,0.033,0.053,0.028,0.059,0.053,0.05,0.05,0.055,0.047,0.053,0.05,0.048,0.052

>n346238
0.044,0.024,0.053,0.023,0.044,0.028,0.014,0.037,0.046,0.03,0.028,0.02,0.011,0.041,0.029,0.018,0.06,0.053,0.05,0.05,0.049,0.051,0.047,0.054,0.046,0.051

>n346247
0.033,0.023,0.039,0.03,0.038,0.033,0.006,0.041,0.034,0.029,0.04,0.024,0.021,0.033,0.041,0.036,0.058,0.05,0.049,0.049,0.049,0.048,0.049,0.049,0.049,0.049

>n346260
0.066,0.022,0.052,0.026,0.028,0.013,0.011,0.024,0.05,0.013,0.033,0.035,0.024,0.028,0.035,0.035,0.058,0.05,0.048,0.049,0.052,0.045,0.054,0.047,0.055,0.044

>n346272
0.025,0.015,0.051,0.015,0.028,0.035,0.017,0.032,0.044,0.044,0.045,0.019,0.009,0.018,0.039,0.018,0.065,0.058,0.051,0.053,0.053,0.053,0.053,0.055,0.052,0.054

>n346282
0.028,0.015,0.063,0.011,0.026,0.027,0.017,0.033,0.055,0.042,0.044,0.021,0.007,0.02,0.037,0.014,0.065,0.057,0.05,0.052,0.054,0.051,0.053,0.054,0.05,0.056

>n346288
0.042,0.022,0.046,0.03,0.039,0.023,0.008,0.031,0.039,0.023,0.033,0.03,0.021,0.033,0.037,0.038,0.059,0.051,0.049,0.047,0.05,0.051,0.049,0.047,0.05,0.052

>n346296
0.051,0.027,0.039,0.035,0.038,0.027,0.005,0.037,0.032,0.023,0.026,0.027,0.031,0.029,0.038,0.051,0.057,0.049,0.047,0.047,0.048,0.046,0.048,0.047,0.048,0.047

>n346299
0.045,0.017,0.045,0.027,0.024,0.017,0.012,0.027,0.047,0.03,0.05,0.026,0.018,0.017,0.047,0.021,0.061,0.06,0.048,0.056,0.051,0.051,0.053,0.05,0.049,0.054

>n346311
0.023,0.023,0.035,0.011,0.029,0.038,0.017,0.037,0.03,0.037,0.049,0.024,0.01,0.023,0.039,0.02,0.065,0.058,0.053,0.057,0.053,0.053,0.056,0.053,0.056,0.052

>n346329
0.081,0.023,0.047,0.056,0.033,0.014,0.002,0.026,0.039,0.016,0.013,0.024,0.055,0.022,0.029,0.061,0.054,0.046,0.046,0.046,0.045,0.043,0.045,0.045,0.044,0.045

>n346332
0.033,0.02,0.028,0.033,0.036,0.036,0.014,0.041,0.025,0.023,0.027,0.03,0.021,0.048,0.035,0.039,0.059,0.052,0.048,0.051,0.051,0.05,0.05,0.051,0.052,0.048

>n346334
0.013,0.016,0.024,0.016,0.03,0.04,0.031,0.032,0.019,0.049,0.041,0.016,0.007,0.027,0.03,0.016,0.074,0.061,0.054,0.06,0.056,0.06,0.058,0.058,0.057,0.056

>n346337
0.069,0.028,0.055,0.032,0.037,0.03,0.002,0.03,0.047,0.026,0.026,0.022,0.03,0.018,0.035,0.035,0.056,0.049,0.042,0.052,0.047,0.046,0.048,0.046,0.042,0.052

>n346348
0.061,0.017,0.03,0.027,0.021,0.024,0.016,0.029,0.036,0.029,0.042,0.024,0.019,0.02,0.042,0.034,0.062,0.053,0.053,0.056,0.052,0.051,0.053,0.049,0.054,0.047

>n346349
0.034,0.029,0.04,0.025,0.046,0.04,0.009,0.034,0.033,0.031,0.037,0.024,0.016,0.028,0.039,0.024,0.062,0.051,0.05,0.05,0.05,0.049,0.051,0.051,0.049,0.05

>n346354
0.048,0.033,0.046,0.038,0.048,0.038,0.0,0.046,0.043,0.023,0.028,0.018,0.025,0.041,0.038,0.018,0.052,0.05,0.046,0.048,0.042,0.047,0.047,0.043,0.051,0.041

>n346356
0.016,0.019,0.035,0.011,0.03,0.051,0.026,0.029,0.029,0.042,0.05,0.018,0.007,0.024,0.028,0.012,0.069,0.057,0.055,0.057,0.056,0.054,0.057,0.056,0.055,0.057

>n346361
0.031,0.024,0.033,0.034,0.032,0.033,0.01,0.047,0.033,0.024,0.024,0.023,0.026,0.04,0.037,0.049,0.059,0.047,0.052,0.047,0.051,0.045,0.05,0.05,0.047,0.049

>n346370
0.035,0.029,0.035,0.026,0.038,0.04,0.009,0.039,0.034,0.029,0.029,0.023,0.017,0.028,0.043,0.036,0.06,0.052,0.048,0.052,0.049,0.05,0.048,0.051,0.049,0.049

>n346372
0.024,0.015,0.035,0.041,0.024,0.013,0.004,0.037,0.035,0.022,0.035,0.043,0.033,0.028,0.061,0.043,0.063,0.052,0.046,0.048,0.052,0.05,0.05,0.046,0.052,0.049

>n346373
0.039,0.029,0.033,0.027,0.035,0.035,0.008,0.036,0.027,0.024,0.029,0.031,0.028,0.026,0.041,0.041,0.061,0.05,0.05,0.053,0.049,0.05,0.049,0.049,0.05,0.05

>n346376
0.023,0.029,0.031,0.027,0.044,0.047,0.009,0.04,0.028,0.033,0.032,0.026,0.015,0.032,0.046,0.022,0.063,0.051,0.051,0.051,0.05,0.05,0.051,0.049,0.05,0.05

>n346383
0.015,0.022,0.047,0.011,0.034,0.053,0.028,0.023,0.044,0.041,0.044,0.014,0.002,0.021,0.024,0.013,0.07,0.058,0.048,0.06,0.055,0.051,0.059,0.055,0.053,0.057

>n346385
0.036,0.026,0.043,0.025,0.043,0.029,0.011,0.027,0.037,0.028,0.039,0.028,0.014,0.026,0.039,0.028,0.062,0.054,0.051,0.052,0.051,0.051,0.051,0.051,0.051,0.051

>n346392
0.02,0.024,0.034,0.021,0.038,0.044,0.011,0.042,0.026,0.034,0.036,0.025,0.014,0.033,0.04,0.038,0.06,0.052,0.051,0.051,0.051,0.049,0.052,0.051,0.05,0.051

>n346396
0.029,0.025,0.036,0.025,0.031,0.03,0.012,0.03,0.044,0.024,0.045,0.027,0.011,0.025,0.046,0.033,0.061,0.052,0.053,0.052,0.051,0.051,0.051,0.052,0.052,0.051

>n346397
0.044,0.031,0.031,0.025,0.037,0.033,0.012,0.043,0.026,0.027,0.018,0.023,0.023,0.035,0.033,0.05,0.059,0.054,0.049,0.048,0.053,0.044,0.048,0.052,0.049,0.051

>n346398
0.024,0.025,0.034,0.017,0.04,0.044,0.017,0.033,0.024,0.035,0.036,0.025,0.012,0.03,0.034,0.027,0.066,0.053,0.053,0.055,0.052,0.052,0.053,0.054,0.052,0.053

>n346404
0.036,0.02,0.038,0.032,0.032,0.028,0.004,0.044,0.034,0.028,0.036,0.028,0.024,0.032,0.048,0.043,0.058,0.05,0.048,0.049,0.048,0.048,0.048,0.048,0.047,0.048

>n346416
0.037,0.028,0.037,0.018,0.037,0.031,0.016,0.028,0.035,0.03,0.037,0.025,0.012,0.024,0.036,0.026,0.064,0.054,0.054,0.053,0.052,0.055,0.051,0.054,0.053,0.052

>n346422
0.043,0.022,0.034,0.042,0.028,0.022,0.008,0.032,0.029,0.02,0.026,0.027,0.042,0.025,0.035,0.062,0.058,0.049,0.05,0.048,0.052,0.048,0.048,0.05,0.051,0.049

>n346426
0.034,0.021,0.041,0.023,0.033,0.031,0.022,0.023,0.037,0.034,0.035,0.022,0.015,0.024,0.029,0.022,0.066,0.058,0.051,0.056,0.055,0.052,0.054,0.055,0.051,0.055

>n346428
0.06,0.023,0.039,0.032,0.035,0.025,0.012,0.037,0.037,0.027,0.03,0.019,0.021,0.035,0.032,0.034,0.058,0.051,0.05,0.049,0.05,0.046,0.052,0.05,0.048,0.047

>n346430
0.048,0.026,0.04,0.024,0.033,0.031,0.021,0.024,0.039,0.03,0.038,0.014,0.017,0.022,0.022,0.028,0.064,0.054,0.057,0.051,0.054,0.051,0.055,0.054,0.05,0.053

>n346448
0.037,0.02,0.049,0.038,0.04,0.024,0.002,0.039,0.041,0.024,0.036,0.027,0.026,0.036,0.042,0.036,0.055,0.048,0.047,0.048,0.047,0.048,0.047,0.048,0.048,0.046

>n346460
0.007,0.015,0.028,0.004,0.025,0.059,0.028,0.032,0.022,0.044,0.062,0.018,0.001,0.027,0.026,0.013,0.069,0.059,0.06,0.061,0.057,0.057,0.056,0.056,0.054,0.061

>n346461
0.018,0.021,0.035,0.035,0.036,0.025,0.011,0.032,0.028,0.028,0.033,0.029,0.026,0.031,0.04,0.045,0.063,0.051,0.05,0.053,0.055,0.049,0.052,0.052,0.048,0.054

>n346464
0.043,0.029,0.036,0.033,0.037,0.031,0.007,0.04,0.035,0.024,0.031,0.025,0.027,0.03,0.04,0.033,0.058,0.051,0.049,0.049,0.049,0.05,0.048,0.049,0.048,0.049

>n346465
0.036,0.027,0.032,0.027,0.037,0.039,0.011,0.04,0.027,0.026,0.028,0.027,0.023,0.034,0.036,0.04,0.06,0.051,0.05,0.05,0.05,0.049,0.051,0.049,0.05,0.05

>n346467
0.029,0.035,0.036,0.031,0.044,0.036,0.008,0.031,0.036,0.022,0.03,0.03,0.023,0.028,0.042,0.03,0.062,0.053,0.051,0.049,0.046,0.051,0.05,0.049,0.051,0.05

>n346472
0.045,0.029,0.039,0.027,0.037,0.039,0.006,0.039,0.043,0.025,0.029,0.025,0.014,0.031,0.048,0.031,0.058,0.05,0.052,0.045,0.046,0.049,0.048,0.048,0.049,0.047

>n346477
0.024,0.036,0.027,0.034,0.056,0.041,0.013,0.031,0.022,0.026,0.015,0.029,0.019,0.038,0.038,0.036,0.065,0.05,0.05,0.05,0.051,0.051,0.05,0.051,0.05,0.049

>n346481
0.059,0.026,0.038,0.037,0.037,0.025,0.005,0.034,0.035,0.017,0.024,0.03,0.029,0.034,0.039,0.052,0.056,0.048,0.046,0.049,0.047,0.046,0.046,0.046,0.046,0.049

>n346492
0.043,0.026,0.043,0.023,0.038,0.032,0.015,0.032,0.04,0.028,0.03,0.022,0.014,0.031,0.031,0.031,0.06,0.053,0.052,0.051,0.053,0.05,0.051,0.051,0.049,0.05

>n346494
0.065,0.028,0.039,0.036,0.039,0.017,0.013,0.026,0.044,0.024,0.032,0.017,0.021,0.025,0.033,0.028,0.061,0.049,0.052,0.049,0.052,0.049,0.052,0.049,0.048,0.05

>n346497
0.037,0.023,0.035,0.025,0.037,0.023,0.014,0.032,0.026,0.033,0.03,0.03,0.021,0.025,0.04,0.025,0.067,0.051,0.051,0.057,0.052,0.054,0.049,0.059,0.049,0.054

>n346510
0.063,0.019,0.042,0.039,0.033,0.016,0.005,0.032,0.044,0.022,0.024,0.03,0.022,0.028,0.049,0.047,0.057,0.049,0.048,0.047,0.05,0.043,0.049,0.046,0.046,0.049

>n346517
0.038,0.031,0.039,0.037,0.043,0.028,0.011,0.027,0.037,0.016,0.033,0.026,0.026,0.035,0.028,0.04,0.06,0.049,0.052,0.047,0.055,0.045,0.052,0.046,0.05,0.048

>n346520
0.014,0.016,0.037,0.01,0.036,0.037,0.02,0.034,0.023,0.041,0.055,0.026,0.005,0.032,0.033,0.016,0.066,0.06,0.052,0.058,0.055,0.054,0.054,0.054,0.057,0.054

>n346521
0.034,0.019,0.036,0.021,0.028,0.036,0.021,0.029,0.035,0.037,0.041,0.02,0.014,0.022,0.035,0.017,0.067,0.059,0.052,0.057,0.053,0.052,0.053,0.054,0.052,0.056

>n346523
0.052,0.023,0.054,0.019,0.024,0.036,0.027,0.023,0.056,0.026,0.029,0.019,0.015,0.024,0.021,0.016,0.067,0.06,0.042,0.058,0.057,0.044,0.056,0.054,0.045,0.052

>n346525
0.035,0.018,0.035,0.014,0.037,0.048,0.016,0.032,0.018,0.035,0.042,0.028,0.012,0.03,0.032,0.019,0.065,0.051,0.054,0.055,0.056,0.051,0.054,0.054,0.051,0.056

>n346528
0.05,0.028,0.052,0.04,0.046,0.025,0.003,0.031,0.048,0.017,0.024,0.028,0.026,0.035,0.038,0.035,0.055,0.045,0.049,0.046,0.047,0.046,0.046,0.048,0.046,0.046

>n346532
0.052,0.021,0.036,0.032,0.035,0.022,0.004,0.032,0.03,0.023,0.027,0.035,0.024,0.026,0.049,0.056,0.057,0.054,0.042,0.049,0.049,0.048,0.048,0.049,0.046,0.049

>n346533
0.043,0.024,0.046,0.018,0.047,0.039,0.02,0.032,0.033,0.04,0.033,0.011,0.009,0.036,0.017,0.011,0.067,0.053,0.051,0.056,0.053,0.047,0.055,0.053,0.051,0.056

>n346535
0.037,0.023,0.032,0.026,0.028,0.032,0.018,0.029,0.03,0.027,0.037,0.025,0.024,0.025,0.032,0.027,0.064,0.058,0.05,0.054,0.055,0.049,0.056,0.054,0.051,0.055

>n346537
0.047,0.031,0.038,0.026,0.037,0.025,0.01,0.038,0.037,0.029,0.025,0.024,0.022,0.025,0.041,0.037,0.06,0.051,0.05,0.052,0.049,0.049,0.051,0.048,0.049,0.051

>n346545
0.017,0.023,0.031,0.012,0.032,0.034,0.019,0.039,0.028,0.038,0.034,0.032,0.005,0.029,0.049,0.018,0.07,0.057,0.051,0.056,0.054,0.054,0.055,0.053,0.057,0.052

>n346551
0.039,0.026,0.037,0.025,0.038,0.038,0.007,0.044,0.034,0.025,0.036,0.024,0.017,0.036,0.04,0.037,0.056,0.051,0.048,0.049,0.049,0.047,0.049,0.049,0.049,0.05

>n346558
0.045,0.04,0.032,0.03,0.041,0.032,0.011,0.034,0.042,0.016,0.029,0.022,0.02,0.029,0.037,0.027,0.058,0.054,0.047,0.05,0.051,0.049,0.047,0.053,0.052,0.049

>n363297
0.05,0.026,0.045,0.028,0.034,0.035,0.009,0.033,0.044,0.024,0.03,0.022,0.02,0.026,0.037,0.042,0.056,0.05,0.049,0.051,0.047,0.047,0.05,0.049,0.05,0.049

>n363309
0.045,0.024,0.036,0.038,0.037,0.021,0.004,0.036,0.028,0.021,0.028,0.03,0.032,0.033,0.04,0.057,0.057,0.049,0.047,0.048,0.049,0.047,0.049,0.047,0.047,0.048

>n363314
0.044,0.026,0.025,0.044,0.031,0.027,0.005,0.042,0.022,0.02,0.023,0.027,0.042,0.032,0.039,0.067,0.057,0.048,0.047,0.047,0.048,0.046,0.048,0.048,0.047,0.048

>n363315
0.023,0.023,0.043,0.014,0.04,0.049,0.013,0.034,0.033,0.039,0.048,0.022,0.007,0.025,0.038,0.014,0.062,0.055,0.052,0.053,0.055,0.051,0.051,0.052,0.052,0.052

>n363337
0.017,0.029,0.053,0.006,0.049,0.065,0.015,0.03,0.035,0.039,0.052,0.015,0.005,0.024,0.021,0.006,0.062,0.054,0.055,0.053,0.051,0.053,0.05,0.056,0.048,0.055

>n363347
0.052,0.025,0.031,0.038,0.032,0.023,0.008,0.032,0.028,0.023,0.026,0.026,0.034,0.025,0.038,0.055,0.06,0.049,0.05,0.05,0.05,0.048,0.05,0.049,0.05,0.048

>n363351
0.033,0.024,0.038,0.031,0.039,0.04,0.006,0.043,0.029,0.029,0.032,0.02,0.025,0.035,0.035,0.049,0.057,0.05,0.047,0.049,0.049,0.047,0.049,0.048,0.047,0.048

>n363356
0.054,0.025,0.036,0.045,0.037,0.023,0.004,0.037,0.03,0.017,0.018,0.029,0.038,0.036,0.036,0.059,0.057,0.046,0.048,0.046,0.047,0.047,0.046,0.046,0.046,0.047

>n363381
0.033,0.028,0.027,0.029,0.026,0.031,0.018,0.032,0.037,0.018,0.044,0.021,0.02,0.031,0.031,0.041,0.059,0.056,0.052,0.056,0.05,0.05,0.054,0.053,0.051,0.054

>n363468
0.04,0.019,0.037,0.019,0.027,0.023,0.015,0.037,0.032,0.023,0.042,0.032,0.016,0.036,0.036,0.03,0.063,0.052,0.051,0.054,0.051,0.051,0.053,0.053,0.053,0.055

>n363484
0.048,0.025,0.033,0.039,0.033,0.027,0.004,0.034,0.029,0.021,0.032,0.028,0.034,0.026,0.041,0.057,0.055,0.049,0.048,0.049,0.048,0.048,0.048,0.048,0.047,0.047

>n363491
0.061,0.033,0.03,0.041,0.04,0.026,0.002,0.032,0.026,0.021,0.024,0.025,0.04,0.019,0.039,0.06,0.056,0.046,0.047,0.049,0.047,0.046,0.046,0.047,0.047,0.05

>n363537
0.049,0.035,0.039,0.036,0.04,0.016,0.005,0.036,0.043,0.018,0.019,0.028,0.027,0.028,0.045,0.053,0.057,0.05,0.046,0.047,0.048,0.047,0.048,0.049,0.046,0.048

>n363561
0.03,0.026,0.036,0.034,0.041,0.035,0.004,0.039,0.028,0.026,0.028,0.029,0.026,0.033,0.043,0.054,0.057,0.049,0.047,0.048,0.048,0.046,0.05,0.047,0.048,0.047

>n363566
0.015,0.026,0.039,0.011,0.043,0.046,0.015,0.027,0.023,0.036,0.045,0.031,0.01,0.023,0.035,0.017,0.067,0.053,0.055,0.055,0.054,0.053,0.056,0.053,0.057,0.053

>n363616
0.02,0.026,0.04,0.026,0.035,0.03,0.016,0.03,0.038,0.032,0.033,0.024,0.02,0.024,0.035,0.025,0.068,0.053,0.056,0.054,0.048,0.054,0.053,0.056,0.051,0.052

>n363631
0.025,0.013,0.045,0.013,0.011,0.028,0.04,0.009,0.049,0.036,0.071,0.011,0.009,0.011,0.013,0.004,0.074,0.062,0.051,0.07,0.059,0.054,0.064,0.057,0.055,0.066

>n363651
0.037,0.024,0.038,0.025,0.039,0.025,0.009,0.036,0.024,0.029,0.036,0.029,0.023,0.032,0.035,0.04,0.061,0.054,0.051,0.049,0.054,0.049,0.051,0.05,0.049,0.052

>n363658
0.062,0.032,0.042,0.045,0.039,0.019,0.003,0.03,0.043,0.016,0.025,0.024,0.037,0.024,0.038,0.043,0.056,0.049,0.046,0.047,0.048,0.046,0.046,0.046,0.047,0.047

>n363690
0.043,0.026,0.039,0.028,0.037,0.036,0.007,0.04,0.031,0.028,0.034,0.024,0.025,0.03,0.037,0.038,0.058,0.049,0.048,0.05,0.049,0.046,0.052,0.048,0.048,0.05

>n363765
0.052,0.036,0.034,0.031,0.044,0.03,0.013,0.032,0.036,0.027,0.019,0.023,0.021,0.026,0.039,0.023,0.063,0.053,0.046,0.053,0.05,0.049,0.05,0.049,0.048,0.052

>n363811
0.027,0.029,0.039,0.018,0.04,0.047,0.008,0.037,0.032,0.031,0.043,0.027,0.013,0.024,0.044,0.025,0.06,0.052,0.05,0.053,0.049,0.05,0.051,0.05,0.05,0.05

>n363847
0.059,0.024,0.037,0.036,0.034,0.03,0.01,0.03,0.032,0.026,0.029,0.022,0.031,0.023,0.033,0.04,0.06,0.05,0.05,0.049,0.049,0.049,0.05,0.05,0.048,0.049

>n363878
0.058,0.02,0.042,0.048,0.034,0.02,0.005,0.031,0.046,0.027,0.022,0.017,0.031,0.02,0.042,0.063,0.055,0.049,0.045,0.047,0.048,0.045,0.043,0.048,0.045,0.049

>n363902
0.037,0.025,0.035,0.031,0.034,0.029,0.011,0.039,0.032,0.024,0.022,0.027,0.025,0.035,0.037,0.055,0.059,0.05,0.049,0.05,0.046,0.052,0.048,0.05,0.048,0.05

>n363904
0.033,0.023,0.032,0.023,0.032,0.05,0.019,0.037,0.03,0.032,0.032,0.017,0.017,0.031,0.029,0.036,0.061,0.054,0.053,0.053,0.05,0.05,0.053,0.052,0.053,0.051

>n363933
0.041,0.029,0.036,0.037,0.031,0.03,0.002,0.042,0.032,0.016,0.019,0.03,0.039,0.03,0.042,0.078,0.054,0.047,0.046,0.047,0.046,0.045,0.045,0.047,0.046,0.045

>n363945
0.051,0.049,0.037,0.035,0.053,0.049,0.004,0.045,0.043,0.026,0.018,0.012,0.024,0.027,0.041,0.012,0.057,0.05,0.05,0.041,0.05,0.044,0.044,0.047,0.046,0.044

>n363948
0.013,0.022,0.03,0.016,0.03,0.039,0.022,0.032,0.03,0.031,0.052,0.025,0.008,0.031,0.034,0.021,0.065,0.053,0.057,0.055,0.06,0.058,0.051,0.057,0.053,0.056

>n364039
0.067,0.019,0.042,0.041,0.043,0.024,0.002,0.028,0.025,0.019,0.022,0.035,0.036,0.034,0.035,0.053,0.057,0.047,0.046,0.048,0.047,0.047,0.043,0.048,0.045,0.047

>n364085
0.034,0.024,0.039,0.027,0.034,0.033,0.006,0.037,0.037,0.026,0.04,0.027,0.019,0.028,0.045,0.039,0.058,0.05,0.05,0.052,0.049,0.049,0.05,0.049,0.048,0.051

>n364088
0.042,0.019,0.028,0.027,0.024,0.03,0.019,0.033,0.03,0.024,0.027,0.026,0.019,0.034,0.033,0.058,0.061,0.053,0.052,0.051,0.052,0.051,0.054,0.05,0.051,0.05

>n364139
0.041,0.023,0.031,0.042,0.034,0.022,0.009,0.03,0.026,0.021,0.024,0.032,0.036,0.028,0.039,0.057,0.062,0.049,0.049,0.051,0.046,0.05,0.05,0.049,0.049,0.05

>n364158
0.046,0.027,0.032,0.035,0.028,0.031,0.011,0.039,0.03,0.025,0.028,0.024,0.035,0.027,0.036,0.038,0.061,0.05,0.049,0.05,0.052,0.05,0.05,0.05,0.049,0.05

>n364168
0.025,0.022,0.03,0.015,0.029,0.037,0.024,0.03,0.022,0.038,0.047,0.024,0.015,0.024,0.03,0.02,0.071,0.055,0.054,0.056,0.056,0.053,0.056,0.055,0.057,0.056

>n364180
0.053,0.026,0.041,0.036,0.036,0.026,0.008,0.029,0.035,0.022,0.03,0.026,0.033,0.025,0.033,0.039,0.059,0.049,0.048,0.051,0.05,0.048,0.05,0.047,0.05,0.051

>n364181
0.04,0.023,0.035,0.032,0.029,0.022,0.013,0.03,0.031,0.029,0.031,0.029,0.03,0.02,0.041,0.035,0.064,0.049,0.052,0.052,0.053,0.052,0.053,0.051,0.052,0.052

>n364206
0.055,0.041,0.036,0.036,0.048,0.039,0.004,0.05,0.035,0.023,0.017,0.015,0.029,0.039,0.032,0.026,0.056,0.048,0.049,0.045,0.047,0.044,0.044,0.048,0.047,0.045

>n364244
0.06,0.028,0.044,0.038,0.044,0.019,0.003,0.037,0.038,0.022,0.022,0.024,0.028,0.034,0.036,0.047,0.055,0.047,0.046,0.048,0.047,0.046,0.046,0.046,0.045,0.048

>n364269
0.036,0.022,0.034,0.026,0.027,0.035,0.013,0.043,0.029,0.028,0.028,0.026,0.025,0.033,0.036,0.053,0.06,0.051,0.051,0.048,0.05,0.05,0.05,0.048,0.05,0.049

>n364336
0.035,0.037,0.037,0.038,0.04,0.033,0.004,0.042,0.044,0.016,0.031,0.02,0.027,0.033,0.042,0.04,0.056,0.05,0.047,0.046,0.046,0.046,0.044,0.047,0.051,0.047

>n364340
0.046,0.031,0.035,0.021,0.038,0.038,0.023,0.027,0.039,0.028,0.034,0.018,0.01,0.027,0.028,0.006,0.066,0.053,0.052,0.054,0.053,0.057,0.058,0.049,0.056,0.054

>n364378
0.02,0.013,0.032,0.017,0.02,0.018,0.021,0.029,0.026,0.032,0.04,0.034,0.016,0.026,0.038,0.053,0.069,0.057,0.054,0.055,0.054,0.056,0.053,0.057,0.052,0.056

>n364410
0.028,0.028,0.041,0.02,0.041,0.039,0.009,0.042,0.031,0.033,0.036,0.023,0.018,0.03,0.037,0.028,0.06,0.053,0.053,0.05,0.051,0.05,0.05,0.049,0.052,0.05

>n364507
0.051,0.025,0.032,0.033,0.037,0.034,0.007,0.04,0.029,0.025,0.026,0.026,0.024,0.034,0.041,0.047,0.057,0.049,0.048,0.049,0.047,0.048,0.048,0.048,0.049,0.047

>n364511
0.037,0.023,0.038,0.026,0.03,0.032,0.015,0.032,0.038,0.033,0.033,0.021,0.018,0.022,0.039,0.03,0.064,0.054,0.05,0.053,0.052,0.052,0.052,0.052,0.05,0.053

>n364518
0.041,0.025,0.04,0.024,0.036,0.038,0.019,0.019,0.036,0.033,0.04,0.019,0.017,0.016,0.029,0.022,0.066,0.051,0.056,0.053,0.055,0.052,0.053,0.054,0.053,0.053

>n364533
0.018,0.021,0.029,0.027,0.026,0.038,0.02,0.043,0.026,0.032,0.029,0.022,0.024,0.037,0.031,0.035,0.068,0.05,0.054,0.055,0.052,0.05,0.056,0.05,0.051,0.055

>n364544
0.04,0.018,0.034,0.033,0.027,0.03,0.016,0.027,0.035,0.026,0.027,0.031,0.024,0.026,0.041,0.039,0.064,0.051,0.053,0.05,0.051,0.051,0.053,0.05,0.052,0.051

>n364545
0.04,0.018,0.036,0.032,0.026,0.028,0.015,0.028,0.035,0.025,0.03,0.031,0.024,0.026,0.039,0.045,0.062,0.051,0.052,0.05,0.051,0.051,0.051,0.05,0.052,0.052

>n364548
0.052,0.021,0.03,0.044,0.031,0.026,0.005,0.037,0.028,0.017,0.026,0.028,0.037,0.035,0.038,0.067,0.055,0.047,0.047,0.049,0.048,0.045,0.046,0.046,0.046,0.048

>n364558
0.038,0.026,0.042,0.023,0.039,0.029,0.006,0.035,0.04,0.033,0.045,0.022,0.012,0.022,0.046,0.031,0.059,0.054,0.049,0.051,0.049,0.05,0.05,0.049,0.05,0.051

>n364570
0.044,0.024,0.039,0.032,0.038,0.025,0.009,0.033,0.035,0.028,0.034,0.023,0.022,0.027,0.039,0.038,0.059,0.052,0.05,0.05,0.052,0.048,0.051,0.049,0.049,0.05

>n364596
0.031,0.02,0.036,0.035,0.033,0.032,0.006,0.045,0.032,0.025,0.029,0.03,0.026,0.039,0.045,0.044,0.058,0.048,0.05,0.047,0.05,0.046,0.048,0.048,0.047,0.048

>n364685
0.017,0.026,0.043,0.01,0.032,0.06,0.014,0.043,0.042,0.034,0.049,0.02,0.006,0.027,0.039,0.016,0.061,0.056,0.047,0.052,0.051,0.05,0.05,0.054,0.051,0.05

>n364686
0.056,0.03,0.039,0.037,0.036,0.019,0.004,0.035,0.032,0.024,0.029,0.023,0.037,0.022,0.036,0.046,0.057,0.048,0.048,0.05,0.048,0.046,0.05,0.049,0.047,0.049

>n364729
0.032,0.02,0.037,0.013,0.028,0.036,0.024,0.023,0.031,0.032,0.04,0.027,0.012,0.023,0.028,0.032,0.066,0.058,0.053,0.058,0.054,0.052,0.056,0.057,0.054,0.053

>n364734
0.035,0.023,0.033,0.043,0.033,0.033,0.003,0.048,0.037,0.02,0.018,0.03,0.03,0.04,0.052,0.06,0.055,0.043,0.049,0.043,0.046,0.044,0.046,0.045,0.046,0.045

>n364760
0.066,0.024,0.035,0.047,0.034,0.017,0.007,0.035,0.033,0.026,0.011,0.022,0.039,0.026,0.039,0.058,0.059,0.049,0.047,0.044,0.049,0.046,0.047,0.048,0.043,0.049

>n364842
0.029,0.019,0.034,0.018,0.025,0.048,0.021,0.034,0.033,0.035,0.038,0.022,0.014,0.026,0.035,0.021,0.065,0.056,0.052,0.056,0.053,0.053,0.054,0.052,0.054,0.053

>n364975
0.049,0.023,0.039,0.045,0.035,0.023,0.003,0.029,0.029,0.022,0.021,0.032,0.043,0.023,0.041,0.061,0.058,0.047,0.047,0.049,0.046,0.046,0.048,0.046,0.048,0.047

>n365285
0.052,0.022,0.028,0.041,0.03,0.033,0.014,0.034,0.025,0.027,0.02,0.021,0.035,0.029,0.032,0.048,0.062,0.051,0.049,0.05,0.049,0.05,0.049,0.05,0.048,0.051

>n365315
0.032,0.019,0.035,0.03,0.032,0.031,0.01,0.039,0.029,0.03,0.026,0.028,0.024,0.031,0.042,0.054,0.06,0.05,0.049,0.05,0.051,0.046,0.051,0.051,0.048,0.049

>n365323
0.067,0.028,0.033,0.034,0.03,0.023,0.014,0.028,0.036,0.021,0.018,0.02,0.028,0.023,0.031,0.057,0.057,0.053,0.049,0.05,0.053,0.048,0.049,0.048,0.052,0.048

>n365366
0.034,0.022,0.039,0.032,0.038,0.04,0.008,0.044,0.03,0.026,0.021,0.021,0.025,0.042,0.029,0.066,0.057,0.048,0.045,0.049,0.047,0.045,0.045,0.049,0.046,0.047

>n365413
0.042,0.02,0.042,0.022,0.032,0.044,0.008,0.046,0.032,0.032,0.018,0.03,0.02,0.036,0.042,0.046,0.06,0.048,0.048,0.044,0.052,0.045,0.05,0.046,0.047,0.048

>n365451
0.048,0.024,0.033,0.032,0.037,0.034,0.006,0.041,0.027,0.025,0.026,0.027,0.025,0.035,0.039,0.054,0.057,0.048,0.048,0.049,0.046,0.047,0.048,0.048,0.048,0.047

>n365469
0.074,0.02,0.037,0.049,0.025,0.016,0.003,0.034,0.045,0.019,0.029,0.027,0.037,0.022,0.051,0.036,0.055,0.048,0.048,0.047,0.048,0.044,0.049,0.044,0.046,0.047

>n365489
0.035,0.034,0.034,0.029,0.037,0.035,0.009,0.039,0.035,0.023,0.026,0.024,0.025,0.029,0.039,0.043,0.06,0.052,0.048,0.05,0.05,0.047,0.05,0.049,0.051,0.047

>n365492
0.055,0.038,0.042,0.029,0.038,0.017,0.007,0.039,0.05,0.017,0.018,0.023,0.021,0.028,0.042,0.044,0.055,0.051,0.049,0.045,0.05,0.047,0.049,0.049,0.049,0.047

>n365543
0.051,0.022,0.049,0.031,0.042,0.021,0.005,0.03,0.038,0.036,0.037,0.02,0.021,0.019,0.04,0.032,0.06,0.051,0.046,0.053,0.049,0.048,0.051,0.051,0.049,0.049

>n365550
0.041,0.031,0.029,0.021,0.041,0.051,0.02,0.029,0.029,0.026,0.031,0.018,0.011,0.033,0.025,0.044,0.062,0.052,0.057,0.046,0.046,0.052,0.049,0.052,0.053,0.05

>n365664
0.064,0.025,0.031,0.046,0.033,0.023,0.004,0.032,0.027,0.019,0.02,0.028,0.041,0.025,0.038,0.067,0.056,0.047,0.047,0.048,0.046,0.046,0.048,0.045,0.047,0.047

>n365737
0.057,0.018,0.046,0.031,0.035,0.025,0.003,0.032,0.032,0.019,0.034,0.034,0.026,0.034,0.037,0.065,0.054,0.048,0.046,0.045,0.046,0.047,0.047,0.043,0.047,0.047

>n365837
0.027,0.019,0.031,0.035,0.029,0.021,0.006,0.04,0.039,0.024,0.021,0.045,0.018,0.031,0.072,0.05,0.063,0.045,0.05,0.044,0.055,0.039,0.056,0.042,0.055,0.044

>n365866
0.052,0.027,0.042,0.042,0.036,0.02,0.002,0.03,0.046,0.017,0.031,0.025,0.031,0.024,0.043,0.052,0.055,0.049,0.046,0.048,0.046,0.047,0.047,0.045,0.049,0.047

>n365880
0.046,0.027,0.045,0.026,0.036,0.027,0.009,0.036,0.041,0.025,0.033,0.023,0.022,0.029,0.034,0.037,0.059,0.051,0.049,0.051,0.049,0.049,0.048,0.05,0.048,0.05

>n365884
0.024,0.026,0.041,0.023,0.044,0.041,0.009,0.037,0.029,0.034,0.035,0.023,0.017,0.03,0.036,0.035,0.061,0.051,0.051,0.049,0.05,0.05,0.051,0.051,0.05,0.049

>n365920
0.028,0.028,0.022,0.042,0.032,0.03,0.012,0.039,0.028,0.023,0.017,0.027,0.032,0.034,0.043,0.053,0.063,0.05,0.051,0.051,0.049,0.049,0.049,0.048,0.051,0.049

>n365972
0.037,0.017,0.029,0.026,0.028,0.035,0.017,0.033,0.022,0.04,0.037,0.021,0.022,0.021,0.037,0.03,0.068,0.051,0.056,0.054,0.053,0.053,0.054,0.055,0.048,0.055

>n366279
0.057,0.027,0.036,0.043,0.039,0.028,0.004,0.036,0.033,0.019,0.023,0.024,0.035,0.032,0.035,0.053,0.055,0.047,0.047,0.047,0.047,0.046,0.047,0.047,0.047,0.046

>n366290
0.041,0.022,0.036,0.027,0.03,0.03,0.012,0.033,0.032,0.029,0.035,0.026,0.022,0.024,0.038,0.041,0.062,0.052,0.051,0.051,0.051,0.052,0.051,0.051,0.05,0.051

>n366331
0.062,0.03,0.034,0.051,0.043,0.023,0.002,0.031,0.028,0.016,0.02,0.028,0.045,0.029,0.035,0.051,0.057,0.045,0.048,0.046,0.047,0.046,0.046,0.047,0.046,0.046

>n366357
0.06,0.02,0.038,0.053,0.029,0.016,0.0,0.033,0.037,0.018,0.023,0.023,0.045,0.023,0.041,0.078,0.052,0.048,0.046,0.045,0.045,0.046,0.043,0.048,0.047,0.044

>n366395
0.042,0.02,0.043,0.028,0.04,0.038,0.003,0.041,0.034,0.034,0.035,0.023,0.016,0.03,0.045,0.039,0.056,0.05,0.047,0.049,0.048,0.049,0.046,0.048,0.048,0.048

>n366396
0.01,0.017,0.052,0.025,0.009,0.022,0.001,0.041,0.068,0.015,0.066,0.044,0.017,0.02,0.074,0.023,0.057,0.054,0.051,0.045,0.047,0.052,0.045,0.051,0.053,0.044

>n366554
0.041,0.028,0.038,0.032,0.039,0.03,0.006,0.033,0.033,0.025,0.034,0.027,0.026,0.025,0.04,0.04,0.059,0.049,0.049,0.05,0.049,0.048,0.051,0.049,0.049,0.049

>n366704
0.069,0.042,0.032,0.033,0.041,0.038,0.01,0.032,0.02,0.019,0.016,0.022,0.047,0.022,0.019,0.032,0.062,0.052,0.049,0.047,0.05,0.049,0.049,0.047,0.049,0.052

>n366714
0.068,0.029,0.031,0.042,0.035,0.017,0.008,0.027,0.027,0.023,0.03,0.019,0.04,0.017,0.032,0.045,0.059,0.049,0.049,0.052,0.049,0.051,0.049,0.05,0.049,0.051

>n366756
0.026,0.025,0.035,0.022,0.039,0.032,0.008,0.042,0.028,0.036,0.038,0.024,0.016,0.028,0.045,0.036,0.061,0.052,0.05,0.052,0.052,0.048,0.052,0.05,0.049,0.052

>n366788
0.032,0.02,0.036,0.035,0.035,0.034,0.006,0.048,0.034,0.026,0.029,0.024,0.023,0.043,0.041,0.049,0.056,0.049,0.049,0.047,0.047,0.047,0.048,0.047,0.046,0.048

>n366913
0.055,0.025,0.029,0.052,0.039,0.013,0.0,0.03,0.02,0.014,0.023,0.029,0.045,0.03,0.034,0.104,0.051,0.047,0.045,0.048,0.044,0.049,0.042,0.043,0.045,0.044

>n367049
0.04,0.024,0.037,0.031,0.034,0.026,0.007,0.036,0.033,0.027,0.037,0.025,0.024,0.025,0.043,0.044,0.059,0.051,0.051,0.048,0.051,0.05,0.052,0.05,0.048,0.048

>n367096
0.015,0.018,0.033,0.017,0.028,0.037,0.019,0.035,0.029,0.035,0.043,0.029,0.01,0.03,0.042,0.025,0.068,0.052,0.057,0.052,0.057,0.052,0.055,0.055,0.053,0.053

>n367124
0.062,0.025,0.055,0.029,0.043,0.021,0.002,0.032,0.047,0.032,0.028,0.027,0.018,0.021,0.049,0.019,0.058,0.048,0.053,0.045,0.052,0.047,0.048,0.045,0.053,0.043

>n367142
0.04,0.028,0.042,0.03,0.039,0.041,0.003,0.041,0.034,0.025,0.023,0.027,0.028,0.028,0.042,0.054,0.055,0.051,0.045,0.047,0.048,0.046,0.048,0.044,0.046,0.046

>n367143
0.034,0.012,0.032,0.031,0.025,0.021,0.009,0.037,0.032,0.031,0.043,0.034,0.018,0.028,0.056,0.043,0.06,0.054,0.051,0.05,0.052,0.051,0.048,0.05,0.051,0.051

>n367152
0.054,0.024,0.024,0.047,0.025,0.014,0.003,0.041,0.017,0.021,0.022,0.032,0.052,0.025,0.043,0.064,0.059,0.049,0.049,0.049,0.045,0.048,0.049,0.049,0.046,0.049

>n367182
0.071,0.022,0.047,0.053,0.031,0.013,0.005,0.029,0.057,0.014,0.016,0.025,0.034,0.029,0.045,0.045,0.055,0.048,0.043,0.046,0.049,0.043,0.045,0.044,0.046,0.046

>n367218
0.027,0.026,0.043,0.038,0.043,0.021,0.003,0.033,0.048,0.033,0.041,0.022,0.017,0.019,0.057,0.027,0.058,0.052,0.049,0.05,0.049,0.049,0.046,0.05,0.051,0.047

>n367363
0.056,0.028,0.039,0.04,0.05,0.029,0.002,0.034,0.029,0.027,0.018,0.025,0.028,0.031,0.04,0.056,0.057,0.045,0.046,0.047,0.045,0.045,0.045,0.046,0.047,0.045

>n367375
0.051,0.022,0.025,0.057,0.031,0.018,0.003,0.037,0.026,0.014,0.012,0.027,0.047,0.035,0.04,0.099,0.055,0.044,0.045,0.044,0.045,0.043,0.047,0.044,0.044,0.046

>n367417
0.058,0.024,0.04,0.048,0.035,0.018,0.003,0.032,0.033,0.019,0.023,0.026,0.044,0.027,0.035,0.055,0.057,0.046,0.047,0.047,0.047,0.047,0.047,0.048,0.047,0.046

>n367422
0.042,0.02,0.025,0.03,0.026,0.023,0.02,0.028,0.025,0.028,0.029,0.025,0.024,0.026,0.033,0.053,0.067,0.048,0.058,0.05,0.058,0.048,0.057,0.049,0.057,0.05

>n367426
0.038,0.026,0.035,0.03,0.037,0.027,0.011,0.035,0.029,0.025,0.028,0.03,0.026,0.031,0.038,0.04,0.062,0.05,0.051,0.052,0.051,0.049,0.051,0.05,0.049,0.05

>n367519
0.043,0.027,0.039,0.032,0.04,0.025,0.005,0.036,0.029,0.023,0.029,0.027,0.03,0.03,0.035,0.057,0.057,0.05,0.049,0.049,0.048,0.048,0.048,0.048,0.047,0.049

>n367640
0.039,0.022,0.035,0.022,0.027,0.031,0.023,0.03,0.037,0.032,0.033,0.021,0.014,0.026,0.032,0.022,0.066,0.056,0.052,0.057,0.054,0.053,0.053,0.055,0.052,0.054

>n367646
0.051,0.021,0.032,0.043,0.03,0.022,0.005,0.035,0.027,0.022,0.022,0.033,0.039,0.027,0.044,0.058,0.059,0.048,0.048,0.047,0.049,0.046,0.048,0.048,0.047,0.048

>n367650
0.047,0.027,0.023,0.033,0.033,0.031,0.008,0.036,0.027,0.026,0.026,0.029,0.023,0.024,0.051,0.053,0.06,0.049,0.054,0.049,0.047,0.052,0.05,0.048,0.048,0.047

>n367651
0.036,0.023,0.026,0.036,0.028,0.032,0.01,0.039,0.028,0.028,0.031,0.026,0.029,0.026,0.046,0.041,0.061,0.051,0.052,0.05,0.05,0.051,0.051,0.05,0.05,0.048

>n367661
0.045,0.026,0.04,0.032,0.039,0.029,0.004,0.04,0.033,0.025,0.036,0.026,0.026,0.031,0.04,0.033,0.057,0.05,0.048,0.051,0.048,0.047,0.05,0.048,0.048,0.048

>n367662
0.034,0.025,0.043,0.023,0.041,0.044,0.007,0.036,0.034,0.03,0.043,0.023,0.016,0.03,0.036,0.029,0.058,0.051,0.051,0.05,0.05,0.049,0.05,0.05,0.049,0.05

>n367663
0.032,0.023,0.045,0.021,0.038,0.039,0.007,0.039,0.034,0.033,0.047,0.023,0.018,0.027,0.038,0.024,0.058,0.052,0.051,0.051,0.051,0.049,0.05,0.05,0.05,0.05

>n367676
0.04,0.03,0.035,0.034,0.041,0.026,0.006,0.037,0.03,0.025,0.026,0.027,0.027,0.029,0.041,0.045,0.06,0.049,0.05,0.049,0.049,0.049,0.048,0.05,0.049,0.048

>n367774
0.041,0.023,0.04,0.028,0.027,0.017,0.012,0.032,0.041,0.023,0.035,0.033,0.024,0.024,0.044,0.033,0.064,0.052,0.049,0.053,0.049,0.05,0.05,0.052,0.051,0.053

>n367775
0.03,0.02,0.038,0.048,0.027,0.023,0.011,0.03,0.036,0.02,0.03,0.028,0.042,0.028,0.035,0.045,0.061,0.049,0.051,0.049,0.053,0.047,0.052,0.048,0.052,0.048

>n367848
0.03,0.019,0.028,0.032,0.03,0.035,0.014,0.038,0.026,0.028,0.035,0.022,0.022,0.034,0.035,0.05,0.062,0.05,0.05,0.053,0.05,0.051,0.052,0.052,0.05,0.051

>n367885
0.034,0.025,0.029,0.023,0.035,0.041,0.018,0.035,0.029,0.03,0.032,0.02,0.014,0.033,0.032,0.033,0.062,0.055,0.052,0.053,0.053,0.051,0.054,0.051,0.051,0.053

>n367887
0.051,0.025,0.03,0.033,0.029,0.023,0.018,0.026,0.031,0.026,0.031,0.025,0.028,0.021,0.034,0.031,0.066,0.054,0.052,0.051,0.055,0.051,0.053,0.053,0.053,0.051

>n367989
0.027,0.004,0.042,0.025,0.003,0.0,0.006,0.001,0.051,0.004,0.048,0.096,0.018,0.001,0.103,0.02,0.065,0.058,0.062,0.032,0.056,0.061,0.065,0.033,0.064,0.055

>n368044
0.063,0.024,0.036,0.048,0.033,0.023,0.003,0.033,0.034,0.018,0.024,0.025,0.041,0.027,0.039,0.06,0.055,0.046,0.047,0.046,0.047,0.046,0.046,0.046,0.047,0.046

>n368098
0.04,0.025,0.042,0.033,0.038,0.032,0.003,0.039,0.035,0.028,0.036,0.023,0.026,0.028,0.041,0.04,0.057,0.048,0.049,0.049,0.049,0.048,0.047,0.049,0.048,0.047

>n368106
0.045,0.029,0.036,0.042,0.037,0.025,0.003,0.035,0.031,0.02,0.02,0.03,0.038,0.027,0.042,0.054,0.058,0.048,0.047,0.048,0.046,0.049,0.046,0.046,0.048,0.046

>n368164
0.047,0.023,0.036,0.037,0.035,0.03,0.007,0.036,0.028,0.026,0.029,0.026,0.033,0.029,0.037,0.046,0.059,0.049,0.049,0.049,0.049,0.047,0.049,0.049,0.048,0.049

>n368267
0.047,0.022,0.038,0.03,0.032,0.03,0.013,0.033,0.035,0.029,0.033,0.022,0.021,0.028,0.036,0.032,0.061,0.052,0.049,0.053,0.051,0.049,0.051,0.051,0.049,0.051

>n368394
0.026,0.006,0.04,0.021,0.003,0.0,0.008,0.003,0.049,0.006,0.046,0.094,0.016,0.001,0.101,0.021,0.065,0.056,0.065,0.035,0.057,0.06,0.067,0.034,0.066,0.054

>n368395
0.026,0.006,0.042,0.021,0.004,0.0,0.006,0.003,0.049,0.005,0.047,0.097,0.016,0.002,0.102,0.02,0.064,0.056,0.064,0.034,0.057,0.06,0.066,0.035,0.065,0.054

>n368396
0.025,0.005,0.043,0.021,0.003,0.0,0.007,0.002,0.049,0.005,0.047,0.097,0.016,0.002,0.102,0.021,0.064,0.056,0.064,0.035,0.058,0.059,0.066,0.035,0.065,0.053

>n368397
0.025,0.005,0.041,0.021,0.003,0.0,0.006,0.002,0.047,0.004,0.047,0.1,0.017,0.002,0.104,0.021,0.064,0.057,0.064,0.033,0.057,0.06,0.066,0.034,0.065,0.053

>n368398
0.028,0.003,0.044,0.024,0.002,0.0,0.006,0.0,0.049,0.002,0.045,0.102,0.02,0.003,0.103,0.02,0.065,0.057,0.064,0.031,0.055,0.06,0.066,0.035,0.064,0.052

>n368443
0.044,0.028,0.037,0.027,0.039,0.032,0.008,0.041,0.035,0.025,0.031,0.023,0.018,0.035,0.038,0.037,0.058,0.051,0.048,0.049,0.05,0.049,0.049,0.049,0.051,0.047

>n368447
0.059,0.033,0.053,0.032,0.04,0.024,0.008,0.029,0.05,0.021,0.024,0.022,0.027,0.024,0.032,0.033,0.057,0.051,0.048,0.046,0.049,0.048,0.046,0.049,0.046,0.05

>n368511
0.019,0.024,0.039,0.011,0.033,0.043,0.015,0.039,0.03,0.034,0.042,0.026,0.011,0.029,0.037,0.031,0.064,0.055,0.051,0.052,0.055,0.05,0.054,0.053,0.052,0.051

>n368608
0.026,0.02,0.039,0.019,0.033,0.057,0.013,0.045,0.03,0.031,0.033,0.021,0.015,0.039,0.03,0.039,0.06,0.052,0.051,0.049,0.05,0.049,0.05,0.052,0.048,0.049

>n368610
0.052,0.024,0.037,0.036,0.034,0.031,0.009,0.031,0.036,0.022,0.03,0.025,0.026,0.028,0.038,0.04,0.059,0.051,0.047,0.05,0.05,0.047,0.05,0.049,0.047,0.05

>n368624
0.024,0.018,0.018,0.022,0.02,0.023,0.027,0.027,0.022,0.03,0.051,0.029,0.016,0.026,0.037,0.023,0.071,0.06,0.059,0.057,0.052,0.059,0.056,0.062,0.056,0.054

>n368627
0.043,0.022,0.044,0.026,0.033,0.031,0.006,0.041,0.043,0.029,0.037,0.025,0.017,0.028,0.046,0.03,0.056,0.051,0.048,0.049,0.049,0.05,0.048,0.05,0.048,0.049

>n368628
0.037,0.024,0.038,0.03,0.038,0.031,0.005,0.04,0.032,0.027,0.033,0.028,0.022,0.032,0.043,0.041,0.058,0.05,0.049,0.049,0.049,0.048,0.048,0.049,0.049,0.049

>n368637
0.04,0.026,0.031,0.027,0.029,0.039,0.014,0.04,0.029,0.022,0.025,0.028,0.025,0.037,0.033,0.045,0.061,0.051,0.05,0.051,0.05,0.048,0.051,0.051,0.048,0.051

>n368727
0.029,0.021,0.042,0.021,0.035,0.06,0.011,0.043,0.031,0.03,0.031,0.022,0.017,0.038,0.03,0.039,0.06,0.051,0.05,0.048,0.049,0.049,0.049,0.051,0.047,0.047

>n368759
0.042,0.018,0.039,0.032,0.031,0.038,0.005,0.044,0.036,0.026,0.023,0.031,0.022,0.036,0.049,0.05,0.056,0.048,0.048,0.047,0.046,0.049,0.046,0.047,0.047,0.046

>n368764
0.068,0.023,0.035,0.056,0.036,0.02,0.002,0.026,0.031,0.02,0.027,0.027,0.047,0.02,0.04,0.037,0.058,0.049,0.047,0.047,0.047,0.047,0.045,0.05,0.047,0.047

>n368786
0.05,0.03,0.035,0.033,0.033,0.016,0.008,0.033,0.037,0.017,0.03,0.03,0.028,0.026,0.042,0.044,0.059,0.047,0.053,0.046,0.053,0.048,0.054,0.045,0.054,0.047

>n369093
0.049,0.022,0.043,0.039,0.035,0.02,0.002,0.036,0.032,0.02,0.028,0.03,0.037,0.031,0.038,0.058,0.056,0.047,0.05,0.045,0.048,0.047,0.047,0.046,0.047,0.045

>n369186
0.037,0.022,0.029,0.033,0.03,0.023,0.015,0.029,0.023,0.028,0.027,0.027,0.032,0.024,0.033,0.059,0.064,0.053,0.052,0.053,0.052,0.05,0.052,0.052,0.052,0.052

>n369240
0.06,0.026,0.037,0.054,0.036,0.016,0.003,0.03,0.035,0.018,0.019,0.026,0.046,0.025,0.039,0.058,0.057,0.045,0.049,0.045,0.048,0.045,0.047,0.045,0.047,0.045

>n369243
0.11,0.017,0.079,0.024,0.041,0.014,0.002,0.021,0.069,0.019,0.033,0.024,0.012,0.026,0.031,0.019,0.052,0.048,0.044,0.046,0.044,0.045,0.048,0.046,0.042,0.046

>n369376
0.026,0.021,0.04,0.019,0.033,0.056,0.013,0.045,0.031,0.031,0.033,0.021,0.016,0.038,0.03,0.038,0.06,0.053,0.051,0.049,0.05,0.049,0.049,0.052,0.048,0.049

>n369419
0.024,0.015,0.029,0.012,0.026,0.035,0.028,0.031,0.021,0.038,0.045,0.02,0.01,0.031,0.022,0.044,0.069,0.056,0.055,0.056,0.058,0.056,0.054,0.056,0.058,0.054

>n369453
0.038,0.023,0.04,0.028,0.038,0.044,0.003,0.038,0.029,0.021,0.032,0.032,0.025,0.035,0.038,0.051,0.056,0.048,0.049,0.046,0.047,0.047,0.048,0.047,0.047,0.048

>n369469
0.053,0.023,0.038,0.042,0.035,0.019,0.003,0.035,0.029,0.017,0.026,0.034,0.039,0.033,0.039,0.055,0.056,0.047,0.048,0.047,0.047,0.046,0.047,0.048,0.047,0.048

>n369487
0.043,0.027,0.037,0.042,0.044,0.027,0.008,0.03,0.04,0.027,0.027,0.024,0.021,0.028,0.046,0.029,0.059,0.051,0.05,0.046,0.051,0.048,0.048,0.05,0.049,0.05

>n369504
0.026,0.025,0.032,0.026,0.036,0.039,0.012,0.043,0.033,0.027,0.032,0.027,0.015,0.039,0.043,0.033,0.061,0.051,0.051,0.051,0.05,0.051,0.048,0.051,0.05,0.051

>n369505
0.033,0.025,0.035,0.018,0.033,0.04,0.013,0.043,0.03,0.036,0.039,0.017,0.014,0.029,0.035,0.031,0.062,0.053,0.051,0.053,0.051,0.053,0.047,0.056,0.051,0.052

>n369512
0.035,0.022,0.031,0.03,0.024,0.026,0.017,0.03,0.033,0.026,0.031,0.029,0.027,0.022,0.04,0.043,0.064,0.053,0.052,0.053,0.051,0.053,0.052,0.051,0.052,0.054

>n369663
0.048,0.015,0.033,0.048,0.03,0.023,0.009,0.027,0.044,0.021,0.024,0.027,0.021,0.029,0.049,0.068,0.055,0.05,0.047,0.049,0.049,0.044,0.047,0.047,0.047,0.048

>n369699
0.042,0.034,0.029,0.029,0.038,0.038,0.013,0.043,0.032,0.023,0.023,0.024,0.021,0.037,0.037,0.031,0.061,0.05,0.05,0.052,0.05,0.048,0.051,0.05,0.052,0.047

>n369735
0.031,0.022,0.034,0.021,0.032,0.034,0.012,0.036,0.028,0.029,0.04,0.031,0.017,0.029,0.043,0.035,0.062,0.052,0.052,0.051,0.052,0.049,0.053,0.051,0.052,0.05

>n369769
0.027,0.03,0.038,0.032,0.041,0.029,0.004,0.04,0.033,0.028,0.034,0.026,0.026,0.028,0.044,0.044,0.059,0.049,0.05,0.048,0.048,0.048,0.049,0.049,0.05,0.047

>n369808
0.031,0.018,0.033,0.015,0.025,0.033,0.023,0.028,0.03,0.036,0.048,0.023,0.012,0.023,0.033,0.022,0.068,0.057,0.053,0.059,0.059,0.051,0.058,0.053,0.056,0.054

>n369876
0.015,0.021,0.027,0.011,0.021,0.038,0.034,0.024,0.031,0.04,0.05,0.015,0.006,0.02,0.025,0.016,0.072,0.062,0.061,0.064,0.054,0.058,0.059,0.06,0.056,0.06

>n369879
0.047,0.025,0.026,0.031,0.029,0.03,0.018,0.027,0.027,0.026,0.033,0.025,0.026,0.024,0.033,0.04,0.064,0.052,0.053,0.054,0.05,0.051,0.054,0.051,0.052,0.053

>n369881
0.048,0.024,0.026,0.03,0.028,0.03,0.018,0.028,0.026,0.025,0.031,0.026,0.026,0.025,0.034,0.04,0.064,0.052,0.053,0.054,0.051,0.051,0.054,0.052,0.052,0.052

>n369925
0.049,0.029,0.038,0.033,0.039,0.021,0.009,0.029,0.038,0.021,0.026,0.025,0.022,0.028,0.037,0.056,0.058,0.051,0.049,0.051,0.047,0.048,0.05,0.048,0.049,0.049

>n369955
0.073,0.031,0.046,0.037,0.049,0.018,0.002,0.029,0.042,0.029,0.028,0.021,0.021,0.021,0.046,0.02,0.056,0.047,0.047,0.048,0.049,0.046,0.048,0.049,0.048,0.047

>n369984
0.032,0.016,0.031,0.022,0.024,0.045,0.014,0.031,0.034,0.037,0.046,0.025,0.011,0.016,0.05,0.03,0.062,0.055,0.052,0.055,0.053,0.051,0.055,0.049,0.051,0.053

>n369995
0.052,0.031,0.036,0.047,0.04,0.027,0.003,0.043,0.036,0.015,0.026,0.02,0.037,0.039,0.032,0.055,0.052,0.045,0.044,0.048,0.043,0.044,0.047,0.046,0.047,0.046

>n369997
0.047,0.028,0.035,0.04,0.038,0.021,0.003,0.037,0.035,0.018,0.032,0.027,0.03,0.032,0.042,0.052,0.054,0.049,0.047,0.049,0.046,0.05,0.047,0.048,0.048,0.045

>n370008
0.051,0.028,0.035,0.042,0.038,0.015,0.004,0.036,0.032,0.016,0.026,0.029,0.036,0.034,0.038,0.059,0.055,0.048,0.046,0.048,0.047,0.046,0.049,0.045,0.048,0.049

>n370013
0.039,0.018,0.045,0.018,0.029,0.026,0.02,0.022,0.042,0.032,0.042,0.026,0.011,0.02,0.035,0.026,0.065,0.056,0.053,0.056,0.053,0.053,0.055,0.055,0.05,0.056

>n370058
0.047,0.017,0.035,0.022,0.025,0.033,0.023,0.025,0.031,0.036,0.028,0.017,0.019,0.02,0.025,0.042,0.068,0.054,0.053,0.05,0.059,0.051,0.056,0.052,0.056,0.055

>n370070
0.037,0.035,0.041,0.035,0.041,0.025,0.006,0.043,0.051,0.031,0.033,0.012,0.018,0.023,0.049,0.021,0.058,0.052,0.047,0.048,0.051,0.044,0.051,0.05,0.051,0.047

>n370090
0.029,0.023,0.044,0.029,0.037,0.031,0.005,0.039,0.034,0.028,0.038,0.027,0.025,0.03,0.04,0.043,0.058,0.048,0.05,0.049,0.048,0.048,0.051,0.049,0.049,0.049

>n370117
0.026,0.021,0.035,0.016,0.029,0.038,0.019,0.032,0.029,0.033,0.04,0.03,0.014,0.026,0.038,0.023,0.066,0.056,0.052,0.056,0.055,0.051,0.056,0.054,0.053,0.054

>n370126
0.011,0.008,0.025,0.01,0.014,0.029,0.032,0.024,0.029,0.041,0.049,0.032,0.0,0.019,0.046,0.03,0.072,0.063,0.057,0.058,0.066,0.049,0.06,0.061,0.057,0.056

