Data type: RNA sequences
Mode: PC-PseDNC-General
Physicochemical properties: ['Rise (RNA)', 'Tilt (RNA)', 'Twist (RNA)', 'Slide (RNA)', 'Shift (RNA)', 'Roll (RNA)']
Lambda: 10
W: 0.05

>n344453
0.032,0.023,0.035,0.031,0.036,0.04,0.011,0.035,0.031,0.029,0.037,0.021,0.022,0.03,0.035,0.036,0.06,0.051,0.05,0.052,0.048,0.05,0.049,0.051,0.051,0.051

>n344454
0.053,0.023,0.023,0.048,0.029,0.016,0.009,0.038,0.027,0.026,0.016,0.028,0.038,0.027,0.048,0.046,0.063,0.05,0.049,0.049,0.049,0.046,0.05,0.05,0.051,0.048

>n344455
0.032,0.022,0.029,0.031,0.036,0.036,0.01,0.04,0.024,0.028,0.036,0.028,0.022,0.035,0.041,0.039,0.061,0.05,0.051,0.051,0.05,0.049,0.05,0.05,0.051,0.049

>n344457
0.037,0.021,0.028,0.026,0.021,0.027,0.025,0.02,0.034,0.028,0.04,0.02,0.02,0.017,0.029,0.044,0.066,0.059,0.054,0.056,0.055,0.051,0.055,0.054,0.053,0.057

>n344460
0.049,0.024,0.033,0.046,0.034,0.021,0.003,0.036,0.031,0.017,0.024,0.028,0.038,0.032,0.041,0.069,0.055,0.048,0.047,0.046,0.047,0.046,0.047,0.046,0.047,0.046

>n344461
0.066,0.025,0.036,0.042,0.034,0.017,0.004,0.036,0.038,0.021,0.023,0.027,0.03,0.029,0.045,0.049,0.057,0.046,0.048,0.046,0.049,0.045,0.049,0.045,0.049,0.044

>n344462
0.044,0.023,0.034,0.037,0.031,0.023,0.006,0.037,0.03,0.021,0.029,0.03,0.033,0.029,0.042,0.057,0.058,0.049,0.048,0.049,0.048,0.048,0.049,0.049,0.048,0.048

>n344472
0.05,0.03,0.04,0.039,0.043,0.025,0.004,0.039,0.039,0.026,0.023,0.02,0.026,0.029,0.041,0.039,0.057,0.051,0.047,0.05,0.047,0.044,0.048,0.044,0.049,0.049

>n344478
0.045,0.024,0.039,0.027,0.034,0.038,0.01,0.035,0.036,0.025,0.037,0.025,0.02,0.029,0.038,0.03,0.058,0.051,0.051,0.048,0.051,0.049,0.05,0.049,0.05,0.05

>n344488
0.032,0.019,0.033,0.026,0.027,0.034,0.015,0.03,0.03,0.032,0.042,0.022,0.02,0.021,0.037,0.045,0.062,0.053,0.05,0.053,0.053,0.052,0.05,0.055,0.051,0.053

>n344490
0.019,0.022,0.031,0.022,0.031,0.039,0.015,0.034,0.029,0.03,0.038,0.029,0.015,0.028,0.043,0.042,0.062,0.054,0.052,0.052,0.053,0.05,0.053,0.052,0.052,0.052

>n344496
0.031,0.027,0.04,0.026,0.038,0.036,0.006,0.04,0.037,0.028,0.042,0.025,0.018,0.031,0.042,0.024,0.059,0.051,0.05,0.051,0.049,0.049,0.049,0.05,0.049,0.049

>n344497
0.051,0.023,0.038,0.04,0.033,0.02,0.006,0.037,0.034,0.024,0.027,0.026,0.034,0.028,0.04,0.046,0.058,0.049,0.048,0.048,0.049,0.048,0.049,0.048,0.048,0.049

>n344500
0.046,0.03,0.043,0.034,0.042,0.032,0.006,0.035,0.042,0.024,0.03,0.024,0.022,0.029,0.042,0.03,0.057,0.05,0.047,0.049,0.048,0.047,0.048,0.048,0.048,0.048

>n344503
0.041,0.027,0.039,0.024,0.039,0.038,0.011,0.036,0.033,0.029,0.036,0.023,0.019,0.028,0.036,0.031,0.061,0.052,0.05,0.05,0.052,0.048,0.051,0.05,0.05,0.049

>n344508
0.05,0.026,0.04,0.036,0.045,0.032,0.005,0.036,0.032,0.026,0.026,0.025,0.025,0.034,0.038,0.036,0.057,0.05,0.048,0.047,0.048,0.046,0.049,0.047,0.048,0.048

>n344514
0.027,0.022,0.042,0.025,0.035,0.036,0.012,0.042,0.039,0.028,0.032,0.025,0.015,0.038,0.039,0.033,0.06,0.051,0.048,0.052,0.05,0.049,0.05,0.047,0.051,0.05

>n344517
0.038,0.021,0.037,0.033,0.034,0.026,0.008,0.036,0.029,0.025,0.029,0.031,0.028,0.032,0.039,0.046,0.06,0.05,0.05,0.049,0.05,0.049,0.049,0.05,0.049,0.05

>n344528
0.029,0.025,0.036,0.023,0.038,0.048,0.013,0.047,0.029,0.035,0.029,0.018,0.017,0.039,0.032,0.03,0.06,0.054,0.049,0.051,0.051,0.049,0.051,0.05,0.05,0.05

>n344530
0.022,0.016,0.035,0.021,0.025,0.026,0.022,0.028,0.032,0.037,0.036,0.027,0.014,0.022,0.039,0.038,0.07,0.054,0.055,0.055,0.055,0.054,0.056,0.054,0.053,0.056

>n344531
0.036,0.024,0.038,0.03,0.037,0.04,0.01,0.035,0.031,0.027,0.031,0.023,0.024,0.031,0.033,0.045,0.06,0.05,0.05,0.05,0.048,0.049,0.05,0.049,0.048,0.05

>n344534
0.034,0.023,0.04,0.022,0.036,0.044,0.007,0.046,0.03,0.033,0.033,0.026,0.019,0.034,0.042,0.03,0.058,0.052,0.05,0.049,0.047,0.05,0.047,0.05,0.048,0.05

>n344535
0.044,0.024,0.034,0.035,0.032,0.027,0.01,0.034,0.032,0.025,0.028,0.028,0.028,0.028,0.04,0.043,0.06,0.051,0.05,0.05,0.05,0.049,0.05,0.05,0.05,0.049

>n344538
0.057,0.027,0.034,0.044,0.037,0.024,0.003,0.037,0.03,0.02,0.019,0.027,0.039,0.03,0.04,0.057,0.056,0.047,0.048,0.046,0.047,0.046,0.047,0.046,0.047,0.046

>n344540
0.038,0.025,0.039,0.035,0.038,0.03,0.005,0.037,0.034,0.024,0.032,0.027,0.028,0.03,0.041,0.046,0.058,0.049,0.048,0.048,0.048,0.047,0.049,0.047,0.048,0.049

>n344541
0.04,0.026,0.043,0.024,0.042,0.032,0.01,0.031,0.036,0.03,0.035,0.025,0.016,0.027,0.037,0.031,0.061,0.051,0.05,0.051,0.052,0.049,0.051,0.051,0.049,0.051

>n344547
0.06,0.029,0.04,0.036,0.038,0.023,0.009,0.031,0.037,0.02,0.028,0.024,0.03,0.029,0.031,0.035,0.058,0.05,0.05,0.05,0.049,0.049,0.05,0.049,0.049,0.048

>n344551
0.035,0.025,0.037,0.031,0.037,0.033,0.005,0.042,0.035,0.027,0.032,0.028,0.02,0.033,0.048,0.037,0.057,0.049,0.048,0.051,0.048,0.048,0.049,0.048,0.048,0.048

>n344552
0.041,0.024,0.032,0.04,0.035,0.024,0.005,0.035,0.032,0.021,0.029,0.031,0.029,0.03,0.046,0.051,0.058,0.049,0.049,0.048,0.049,0.048,0.049,0.049,0.048,0.048

>n344559
0.028,0.021,0.036,0.03,0.033,0.041,0.012,0.031,0.034,0.029,0.042,0.023,0.02,0.027,0.038,0.034,0.06,0.054,0.051,0.051,0.05,0.05,0.051,0.051,0.05,0.051

>n344563
0.027,0.023,0.041,0.021,0.033,0.033,0.008,0.038,0.034,0.028,0.047,0.028,0.017,0.029,0.042,0.033,0.058,0.052,0.052,0.051,0.051,0.05,0.051,0.051,0.051,0.051

>n344569
0.037,0.024,0.037,0.031,0.035,0.03,0.006,0.041,0.032,0.024,0.033,0.029,0.024,0.034,0.042,0.046,0.057,0.05,0.049,0.049,0.048,0.048,0.049,0.048,0.048,0.048

>n344574
0.033,0.024,0.033,0.03,0.033,0.032,0.009,0.044,0.028,0.029,0.025,0.027,0.025,0.035,0.041,0.052,0.06,0.05,0.048,0.05,0.05,0.048,0.051,0.049,0.049,0.048

>n344578
0.062,0.027,0.038,0.04,0.034,0.02,0.007,0.03,0.032,0.021,0.023,0.025,0.039,0.024,0.032,0.051,0.059,0.048,0.049,0.049,0.048,0.048,0.049,0.048,0.048,0.048

>n344585
0.056,0.025,0.036,0.04,0.035,0.024,0.004,0.039,0.033,0.021,0.023,0.026,0.033,0.032,0.04,0.054,0.056,0.048,0.047,0.047,0.047,0.047,0.047,0.047,0.047,0.047

>n344588
0.019,0.022,0.035,0.016,0.034,0.046,0.015,0.036,0.029,0.035,0.045,0.027,0.011,0.028,0.041,0.021,0.064,0.052,0.054,0.053,0.054,0.052,0.052,0.054,0.051,0.054

>n344589
0.028,0.022,0.04,0.022,0.033,0.034,0.012,0.035,0.033,0.03,0.04,0.027,0.018,0.028,0.038,0.034,0.062,0.052,0.053,0.052,0.052,0.05,0.052,0.051,0.05,0.052

>n344598
0.042,0.028,0.033,0.042,0.036,0.03,0.006,0.04,0.029,0.021,0.02,0.026,0.038,0.033,0.038,0.055,0.059,0.046,0.049,0.046,0.049,0.046,0.048,0.047,0.049,0.046

>n344601
0.041,0.027,0.034,0.031,0.037,0.029,0.012,0.035,0.03,0.027,0.032,0.022,0.025,0.03,0.033,0.039,0.06,0.052,0.051,0.05,0.052,0.049,0.052,0.05,0.051,0.05

>n344604
0.04,0.022,0.034,0.038,0.035,0.029,0.005,0.038,0.029,0.023,0.029,0.028,0.031,0.032,0.041,0.054,0.058,0.049,0.048,0.049,0.048,0.047,0.048,0.048,0.048,0.048

>n344610
0.064,0.03,0.044,0.042,0.042,0.021,0.003,0.028,0.045,0.018,0.03,0.023,0.03,0.026,0.038,0.038,0.054,0.046,0.047,0.048,0.047,0.048,0.047,0.048,0.046,0.047

>n344612
0.038,0.023,0.032,0.018,0.028,0.032,0.023,0.033,0.033,0.035,0.035,0.019,0.011,0.027,0.032,0.022,0.067,0.058,0.052,0.058,0.055,0.054,0.054,0.053,0.054,0.056

>n344618
0.023,0.025,0.045,0.02,0.032,0.041,0.015,0.035,0.042,0.029,0.049,0.02,0.016,0.028,0.031,0.021,0.061,0.053,0.051,0.053,0.052,0.051,0.052,0.05,0.052,0.051

>n344621
0.044,0.026,0.032,0.041,0.035,0.034,0.003,0.041,0.027,0.021,0.022,0.029,0.036,0.032,0.042,0.056,0.057,0.047,0.047,0.047,0.048,0.046,0.046,0.047,0.047,0.047

>n344627
0.062,0.028,0.035,0.045,0.036,0.021,0.002,0.033,0.03,0.019,0.018,0.027,0.043,0.025,0.039,0.06,0.056,0.048,0.046,0.046,0.047,0.045,0.047,0.046,0.047,0.046

>n344628
0.034,0.018,0.033,0.038,0.032,0.028,0.006,0.04,0.027,0.02,0.033,0.032,0.029,0.041,0.04,0.064,0.057,0.047,0.048,0.05,0.049,0.047,0.045,0.048,0.045,0.05

>n344638
0.033,0.025,0.042,0.027,0.041,0.038,0.006,0.042,0.034,0.03,0.032,0.024,0.019,0.034,0.039,0.038,0.058,0.051,0.049,0.049,0.049,0.048,0.049,0.048,0.049,0.047

>n344644
0.035,0.03,0.042,0.029,0.046,0.032,0.007,0.036,0.034,0.028,0.033,0.023,0.021,0.031,0.036,0.033,0.06,0.049,0.051,0.049,0.051,0.047,0.05,0.048,0.05,0.049

>n344646
0.057,0.027,0.035,0.04,0.034,0.027,0.004,0.042,0.033,0.022,0.023,0.024,0.035,0.031,0.04,0.047,0.056,0.048,0.047,0.048,0.045,0.047,0.048,0.047,0.047,0.045

>n344649
0.048,0.023,0.038,0.035,0.038,0.027,0.012,0.031,0.032,0.031,0.026,0.022,0.026,0.026,0.036,0.033,0.063,0.052,0.049,0.051,0.052,0.048,0.052,0.051,0.05,0.05

>n344651
0.054,0.03,0.05,0.033,0.045,0.026,0.003,0.032,0.043,0.023,0.031,0.022,0.025,0.027,0.036,0.033,0.056,0.049,0.047,0.049,0.047,0.047,0.048,0.047,0.048,0.048

>n344652
0.063,0.023,0.033,0.048,0.037,0.024,0.004,0.033,0.028,0.021,0.02,0.025,0.04,0.029,0.037,0.057,0.056,0.047,0.047,0.046,0.047,0.046,0.047,0.048,0.046,0.046

>n344653
0.04,0.025,0.04,0.032,0.04,0.032,0.004,0.039,0.032,0.027,0.03,0.027,0.025,0.032,0.041,0.043,0.058,0.049,0.049,0.047,0.049,0.047,0.048,0.048,0.048,0.048

>n344656
0.035,0.024,0.04,0.028,0.042,0.037,0.007,0.039,0.031,0.03,0.033,0.025,0.02,0.035,0.038,0.036,0.059,0.05,0.048,0.05,0.048,0.05,0.049,0.049,0.049,0.049

>n344658
0.025,0.022,0.037,0.018,0.032,0.04,0.011,0.044,0.031,0.034,0.033,0.03,0.015,0.031,0.046,0.029,0.062,0.053,0.05,0.054,0.05,0.05,0.048,0.05,0.051,0.053

>n344659
0.054,0.023,0.034,0.046,0.03,0.021,0.003,0.035,0.029,0.017,0.02,0.03,0.044,0.028,0.038,0.072,0.056,0.047,0.047,0.047,0.047,0.045,0.047,0.047,0.046,0.047

>n344662
0.016,0.017,0.03,0.01,0.028,0.048,0.036,0.017,0.019,0.052,0.044,0.015,0.011,0.013,0.019,0.008,0.078,0.065,0.052,0.066,0.062,0.053,0.065,0.063,0.055,0.06

>n344664
0.045,0.033,0.028,0.035,0.035,0.026,0.01,0.038,0.037,0.023,0.025,0.023,0.023,0.027,0.045,0.041,0.059,0.051,0.051,0.048,0.049,0.049,0.051,0.048,0.049,0.05

>n344667
0.028,0.024,0.035,0.027,0.035,0.03,0.007,0.047,0.031,0.029,0.04,0.022,0.021,0.035,0.04,0.046,0.058,0.051,0.05,0.048,0.05,0.048,0.05,0.051,0.049,0.049

>n344675
0.03,0.018,0.045,0.018,0.032,0.037,0.011,0.04,0.034,0.036,0.041,0.025,0.016,0.028,0.039,0.031,0.062,0.052,0.051,0.05,0.051,0.05,0.05,0.053,0.051,0.051

>n344677
0.027,0.026,0.037,0.022,0.034,0.039,0.011,0.041,0.036,0.03,0.039,0.024,0.015,0.029,0.043,0.032,0.06,0.053,0.05,0.052,0.051,0.05,0.049,0.051,0.051,0.05

>n344678
0.053,0.024,0.036,0.042,0.032,0.022,0.004,0.038,0.031,0.019,0.023,0.029,0.039,0.031,0.039,0.062,0.056,0.047,0.047,0.047,0.047,0.046,0.047,0.047,0.047,0.047

>n344679
0.026,0.02,0.034,0.026,0.03,0.033,0.008,0.038,0.03,0.027,0.037,0.038,0.019,0.029,0.053,0.038,0.062,0.048,0.053,0.048,0.054,0.047,0.052,0.049,0.052,0.048

>n344687
0.048,0.025,0.054,0.035,0.041,0.027,0.005,0.031,0.055,0.022,0.03,0.023,0.018,0.03,0.041,0.035,0.056,0.049,0.045,0.048,0.048,0.043,0.049,0.048,0.046,0.048

>n344691
0.058,0.027,0.037,0.045,0.033,0.02,0.006,0.039,0.037,0.019,0.021,0.019,0.04,0.032,0.032,0.053,0.057,0.048,0.047,0.047,0.046,0.047,0.047,0.048,0.046,0.048

>n344693
0.043,0.022,0.035,0.035,0.031,0.025,0.007,0.037,0.03,0.023,0.028,0.028,0.032,0.03,0.039,0.06,0.058,0.05,0.048,0.049,0.049,0.048,0.049,0.049,0.048,0.047

>n344695
0.061,0.026,0.034,0.047,0.034,0.018,0.003,0.031,0.029,0.016,0.022,0.03,0.044,0.025,0.038,0.059,0.057,0.047,0.048,0.047,0.048,0.047,0.047,0.047,0.047,0.048

>n344699
0.031,0.027,0.037,0.023,0.038,0.033,0.014,0.033,0.032,0.03,0.041,0.023,0.017,0.028,0.034,0.029,0.062,0.053,0.052,0.053,0.051,0.05,0.053,0.051,0.052,0.053

>n344701
0.024,0.023,0.043,0.024,0.038,0.042,0.005,0.043,0.036,0.033,0.043,0.024,0.016,0.031,0.045,0.025,0.058,0.05,0.05,0.048,0.051,0.048,0.049,0.049,0.049,0.05

>n344703
0.056,0.024,0.036,0.048,0.036,0.02,0.002,0.038,0.032,0.019,0.02,0.026,0.041,0.033,0.038,0.06,0.056,0.046,0.046,0.046,0.047,0.045,0.046,0.046,0.047,0.045

>n344705
0.035,0.023,0.042,0.023,0.039,0.042,0.012,0.038,0.032,0.034,0.032,0.022,0.017,0.032,0.034,0.03,0.062,0.051,0.049,0.051,0.05,0.049,0.053,0.048,0.051,0.049

>n344709
0.047,0.026,0.034,0.045,0.037,0.026,0.004,0.037,0.031,0.02,0.022,0.026,0.036,0.032,0.04,0.059,0.057,0.047,0.047,0.047,0.047,0.046,0.047,0.047,0.047,0.047

>n344711
0.047,0.026,0.035,0.032,0.038,0.033,0.01,0.034,0.033,0.026,0.033,0.02,0.022,0.03,0.034,0.042,0.058,0.051,0.048,0.051,0.05,0.047,0.051,0.049,0.049,0.051

>n344719
0.05,0.026,0.039,0.04,0.039,0.029,0.003,0.039,0.034,0.02,0.022,0.027,0.033,0.035,0.039,0.051,0.055,0.047,0.047,0.047,0.047,0.046,0.046,0.046,0.047,0.046

>n344720
0.047,0.026,0.031,0.031,0.034,0.039,0.012,0.037,0.031,0.029,0.024,0.021,0.022,0.029,0.037,0.043,0.059,0.051,0.051,0.05,0.049,0.048,0.049,0.05,0.049,0.049

>n344721
0.037,0.024,0.039,0.022,0.034,0.033,0.017,0.032,0.036,0.03,0.037,0.023,0.015,0.028,0.034,0.026,0.064,0.053,0.05,0.055,0.052,0.05,0.053,0.052,0.052,0.053

>n344724
0.024,0.02,0.036,0.018,0.034,0.041,0.012,0.037,0.027,0.033,0.05,0.025,0.014,0.03,0.037,0.031,0.061,0.055,0.053,0.052,0.052,0.051,0.052,0.051,0.054,0.052

>n344726
0.02,0.016,0.043,0.019,0.032,0.044,0.008,0.043,0.032,0.036,0.058,0.024,0.014,0.031,0.041,0.017,0.058,0.055,0.05,0.053,0.052,0.049,0.052,0.049,0.05,0.053

>n344736
0.04,0.024,0.034,0.036,0.034,0.027,0.006,0.037,0.029,0.023,0.027,0.03,0.032,0.03,0.041,0.053,0.059,0.049,0.049,0.048,0.049,0.047,0.05,0.048,0.048,0.048

>n344741
0.057,0.019,0.034,0.037,0.035,0.023,0.007,0.03,0.028,0.02,0.026,0.032,0.028,0.032,0.039,0.058,0.057,0.05,0.049,0.048,0.049,0.047,0.049,0.048,0.047,0.048

>n344745
0.03,0.009,0.028,0.02,0.016,0.035,0.032,0.025,0.022,0.04,0.036,0.024,0.019,0.024,0.027,0.027,0.073,0.059,0.056,0.056,0.06,0.053,0.057,0.058,0.055,0.057

>n344748
0.024,0.019,0.039,0.021,0.034,0.039,0.011,0.037,0.034,0.031,0.042,0.03,0.01,0.033,0.045,0.029,0.061,0.052,0.05,0.053,0.051,0.052,0.051,0.052,0.051,0.05

>n344749
0.054,0.024,0.036,0.046,0.035,0.022,0.004,0.034,0.029,0.02,0.022,0.028,0.042,0.028,0.038,0.059,0.057,0.048,0.046,0.047,0.047,0.047,0.046,0.047,0.047,0.047

>n344755
0.049,0.03,0.036,0.034,0.041,0.034,0.004,0.035,0.031,0.022,0.026,0.027,0.029,0.028,0.039,0.046,0.057,0.049,0.047,0.048,0.048,0.046,0.048,0.048,0.048,0.048

>n344758
0.05,0.026,0.032,0.027,0.033,0.033,0.01,0.037,0.032,0.027,0.031,0.026,0.021,0.026,0.043,0.033,0.061,0.05,0.051,0.046,0.053,0.047,0.053,0.05,0.049,0.051

>n344760
0.04,0.023,0.028,0.022,0.031,0.044,0.017,0.033,0.027,0.029,0.041,0.023,0.016,0.029,0.033,0.03,0.062,0.053,0.054,0.052,0.053,0.051,0.051,0.052,0.053,0.052

>n344766
0.041,0.026,0.039,0.032,0.042,0.033,0.007,0.038,0.033,0.027,0.031,0.024,0.022,0.034,0.038,0.036,0.058,0.05,0.049,0.049,0.049,0.048,0.049,0.048,0.049,0.048

>n344768
0.046,0.026,0.036,0.035,0.037,0.03,0.011,0.03,0.033,0.03,0.027,0.023,0.028,0.022,0.039,0.036,0.063,0.05,0.05,0.05,0.051,0.049,0.05,0.05,0.05,0.049

>n344771
0.043,0.02,0.034,0.039,0.029,0.024,0.01,0.034,0.031,0.022,0.022,0.031,0.033,0.032,0.039,0.058,0.06,0.049,0.05,0.049,0.048,0.048,0.048,0.05,0.048,0.049

>n344772
0.046,0.024,0.04,0.038,0.038,0.023,0.007,0.033,0.036,0.023,0.027,0.028,0.029,0.031,0.039,0.043,0.059,0.049,0.049,0.049,0.05,0.047,0.049,0.049,0.048,0.049

>n344775
0.059,0.025,0.035,0.041,0.036,0.025,0.007,0.031,0.03,0.021,0.029,0.026,0.036,0.028,0.035,0.044,0.059,0.048,0.048,0.05,0.047,0.049,0.049,0.048,0.048,0.047

>n344778
0.05,0.024,0.036,0.04,0.032,0.024,0.005,0.037,0.03,0.021,0.024,0.029,0.037,0.028,0.039,0.06,0.057,0.048,0.048,0.048,0.047,0.047,0.048,0.047,0.047,0.047

>n344791
0.04,0.022,0.044,0.033,0.032,0.016,0.006,0.031,0.035,0.022,0.029,0.034,0.032,0.025,0.04,0.057,0.061,0.049,0.049,0.05,0.049,0.048,0.049,0.05,0.048,0.05

>n344793
0.064,0.026,0.036,0.045,0.033,0.021,0.004,0.033,0.033,0.018,0.024,0.025,0.04,0.026,0.037,0.053,0.056,0.047,0.048,0.047,0.047,0.047,0.047,0.046,0.048,0.046

>n344798
0.028,0.025,0.038,0.017,0.037,0.04,0.011,0.038,0.034,0.03,0.045,0.027,0.01,0.031,0.041,0.023,0.06,0.052,0.051,0.052,0.053,0.049,0.051,0.053,0.05,0.052

>n344799
0.04,0.021,0.035,0.031,0.028,0.023,0.014,0.032,0.034,0.027,0.029,0.028,0.025,0.026,0.04,0.044,0.063,0.053,0.051,0.052,0.051,0.05,0.051,0.052,0.05,0.05

>n344800
0.053,0.027,0.04,0.034,0.042,0.031,0.006,0.035,0.03,0.024,0.028,0.025,0.029,0.031,0.034,0.044,0.058,0.049,0.047,0.049,0.048,0.046,0.05,0.048,0.047,0.047

>n344803
0.029,0.024,0.033,0.034,0.033,0.03,0.011,0.042,0.032,0.026,0.028,0.024,0.026,0.035,0.038,0.051,0.06,0.052,0.048,0.05,0.049,0.05,0.049,0.049,0.048,0.05

>n344805
0.051,0.024,0.035,0.042,0.039,0.022,0.002,0.038,0.029,0.023,0.026,0.028,0.033,0.032,0.043,0.051,0.057,0.047,0.047,0.047,0.048,0.046,0.049,0.045,0.048,0.047

>n344807
0.03,0.027,0.03,0.023,0.035,0.038,0.013,0.041,0.022,0.031,0.03,0.026,0.023,0.031,0.036,0.042,0.064,0.052,0.051,0.051,0.052,0.05,0.051,0.052,0.05,0.052

>n344808
0.041,0.022,0.039,0.032,0.032,0.025,0.011,0.037,0.03,0.026,0.024,0.027,0.031,0.031,0.033,0.049,0.061,0.049,0.051,0.049,0.05,0.049,0.05,0.049,0.049,0.052

>n344810
0.042,0.028,0.038,0.028,0.036,0.036,0.007,0.037,0.034,0.025,0.034,0.028,0.024,0.028,0.042,0.029,0.059,0.051,0.049,0.05,0.049,0.048,0.049,0.049,0.049,0.049

>n344814
0.04,0.024,0.029,0.032,0.027,0.044,0.014,0.042,0.031,0.025,0.025,0.024,0.026,0.034,0.037,0.038,0.06,0.05,0.048,0.053,0.047,0.053,0.051,0.048,0.05,0.049

>n344817
0.039,0.026,0.032,0.032,0.037,0.032,0.011,0.034,0.027,0.026,0.032,0.026,0.026,0.029,0.037,0.038,0.061,0.052,0.051,0.051,0.05,0.05,0.05,0.05,0.05,0.051

>n344818
0.05,0.033,0.034,0.043,0.042,0.027,0.005,0.036,0.032,0.018,0.019,0.026,0.036,0.033,0.037,0.045,0.058,0.049,0.046,0.047,0.049,0.045,0.048,0.046,0.048,0.047

>n344848
0.023,0.026,0.032,0.031,0.038,0.03,0.017,0.034,0.025,0.035,0.022,0.02,0.026,0.028,0.031,0.048,0.068,0.05,0.052,0.051,0.053,0.05,0.052,0.053,0.05,0.054

>n344860
0.046,0.022,0.036,0.043,0.029,0.023,0.002,0.038,0.03,0.016,0.025,0.033,0.041,0.031,0.041,0.072,0.054,0.047,0.046,0.048,0.045,0.047,0.046,0.046,0.046,0.047

>n344861
0.043,0.029,0.031,0.037,0.041,0.034,0.007,0.042,0.022,0.025,0.02,0.025,0.034,0.037,0.034,0.047,0.06,0.049,0.048,0.049,0.047,0.046,0.05,0.049,0.048,0.047

>n344868
0.04,0.033,0.034,0.042,0.042,0.035,0.003,0.04,0.032,0.02,0.025,0.025,0.034,0.033,0.04,0.04,0.057,0.048,0.046,0.049,0.048,0.045,0.047,0.047,0.047,0.047

>n344871
0.038,0.021,0.042,0.026,0.035,0.036,0.007,0.037,0.031,0.024,0.034,0.032,0.024,0.034,0.037,0.043,0.059,0.05,0.048,0.048,0.049,0.048,0.05,0.048,0.047,0.05

>n344872
0.04,0.021,0.036,0.026,0.028,0.03,0.013,0.034,0.032,0.028,0.036,0.027,0.023,0.026,0.037,0.039,0.062,0.052,0.051,0.052,0.051,0.05,0.052,0.051,0.05,0.052

>n344875
0.044,0.026,0.036,0.036,0.036,0.025,0.005,0.036,0.029,0.022,0.028,0.029,0.033,0.029,0.039,0.053,0.058,0.049,0.048,0.049,0.048,0.047,0.049,0.048,0.048,0.048

>n344880
0.05,0.02,0.035,0.036,0.028,0.025,0.004,0.039,0.03,0.024,0.03,0.03,0.033,0.027,0.045,0.054,0.057,0.05,0.048,0.049,0.048,0.048,0.049,0.048,0.048,0.047

>n344885
0.049,0.021,0.032,0.05,0.032,0.02,0.004,0.034,0.029,0.019,0.023,0.028,0.042,0.029,0.041,0.071,0.056,0.047,0.048,0.048,0.046,0.046,0.048,0.047,0.047,0.046

>n344894
0.042,0.026,0.042,0.025,0.04,0.039,0.006,0.041,0.035,0.027,0.03,0.027,0.018,0.034,0.041,0.037,0.057,0.05,0.047,0.048,0.048,0.047,0.048,0.047,0.047,0.05

>n344899
0.04,0.023,0.039,0.037,0.036,0.027,0.004,0.042,0.033,0.025,0.026,0.029,0.029,0.034,0.044,0.045,0.058,0.047,0.048,0.047,0.049,0.047,0.048,0.046,0.048,0.047

>n344907
0.036,0.027,0.026,0.044,0.031,0.017,0.005,0.041,0.023,0.018,0.024,0.03,0.043,0.032,0.041,0.068,0.059,0.047,0.05,0.046,0.05,0.047,0.048,0.05,0.046,0.049

>n344909
0.031,0.022,0.031,0.035,0.037,0.038,0.007,0.04,0.025,0.027,0.028,0.026,0.026,0.035,0.039,0.058,0.058,0.05,0.048,0.049,0.047,0.046,0.051,0.049,0.047,0.049

>n344916
0.072,0.024,0.037,0.047,0.032,0.017,0.002,0.029,0.03,0.015,0.021,0.03,0.046,0.023,0.035,0.07,0.055,0.047,0.045,0.047,0.046,0.046,0.046,0.047,0.045,0.046

>n344924
0.051,0.028,0.036,0.044,0.041,0.023,0.003,0.039,0.035,0.018,0.021,0.025,0.033,0.036,0.039,0.058,0.055,0.047,0.046,0.046,0.045,0.046,0.046,0.046,0.046,0.045

>n344930
0.048,0.022,0.038,0.039,0.028,0.017,0.003,0.039,0.029,0.02,0.024,0.034,0.042,0.028,0.042,0.062,0.057,0.048,0.049,0.046,0.049,0.046,0.048,0.047,0.047,0.047

>n344931
0.036,0.022,0.032,0.035,0.035,0.029,0.004,0.039,0.03,0.028,0.031,0.03,0.024,0.029,0.051,0.048,0.058,0.048,0.049,0.048,0.049,0.049,0.049,0.05,0.046,0.05

>n344934
0.054,0.029,0.037,0.037,0.038,0.023,0.005,0.034,0.031,0.021,0.028,0.027,0.033,0.028,0.037,0.046,0.059,0.048,0.05,0.046,0.05,0.047,0.05,0.047,0.049,0.047

>n344939
0.036,0.028,0.039,0.027,0.04,0.032,0.005,0.044,0.03,0.028,0.034,0.025,0.024,0.033,0.039,0.038,0.058,0.05,0.05,0.05,0.049,0.046,0.05,0.048,0.05,0.048

>n344940
0.06,0.026,0.038,0.049,0.039,0.02,0.004,0.032,0.032,0.018,0.025,0.022,0.042,0.031,0.031,0.055,0.055,0.048,0.046,0.047,0.047,0.046,0.047,0.047,0.047,0.046

>n344941
0.024,0.015,0.033,0.017,0.027,0.042,0.017,0.033,0.03,0.036,0.047,0.027,0.009,0.026,0.043,0.028,0.064,0.052,0.055,0.052,0.055,0.051,0.056,0.052,0.054,0.052

>n344943
0.066,0.027,0.039,0.048,0.04,0.018,0.003,0.03,0.033,0.016,0.021,0.025,0.042,0.029,0.033,0.056,0.056,0.047,0.048,0.046,0.046,0.046,0.047,0.046,0.046,0.046

>n344949
0.049,0.037,0.039,0.052,0.046,0.014,0.003,0.024,0.028,0.011,0.022,0.027,0.054,0.024,0.025,0.058,0.058,0.046,0.045,0.051,0.048,0.048,0.047,0.049,0.048,0.048

>n344957
0.027,0.02,0.026,0.045,0.03,0.027,0.004,0.042,0.017,0.019,0.018,0.036,0.044,0.037,0.043,0.089,0.056,0.046,0.048,0.047,0.046,0.047,0.047,0.046,0.048,0.045

>n344958
0.041,0.026,0.031,0.038,0.039,0.03,0.006,0.039,0.026,0.023,0.025,0.027,0.03,0.035,0.039,0.057,0.058,0.048,0.05,0.048,0.049,0.047,0.049,0.047,0.048,0.047

>n344960
0.064,0.026,0.037,0.05,0.039,0.015,0.002,0.035,0.033,0.017,0.02,0.024,0.042,0.032,0.036,0.063,0.054,0.045,0.046,0.046,0.045,0.046,0.047,0.044,0.047,0.044

>n344963
0.049,0.023,0.034,0.039,0.034,0.028,0.008,0.033,0.027,0.023,0.026,0.026,0.035,0.029,0.034,0.054,0.059,0.048,0.049,0.048,0.049,0.049,0.048,0.049,0.048,0.049

>n344965
0.042,0.022,0.037,0.039,0.035,0.027,0.004,0.038,0.032,0.024,0.031,0.028,0.032,0.03,0.043,0.045,0.057,0.05,0.048,0.048,0.048,0.048,0.049,0.047,0.048,0.048

>n344971
0.041,0.026,0.032,0.042,0.036,0.026,0.005,0.04,0.029,0.02,0.02,0.028,0.035,0.034,0.04,0.062,0.058,0.048,0.047,0.047,0.047,0.046,0.048,0.047,0.047,0.046

>n344972
0.052,0.031,0.031,0.04,0.047,0.045,0.003,0.045,0.029,0.02,0.024,0.021,0.026,0.043,0.036,0.041,0.054,0.046,0.046,0.046,0.047,0.045,0.044,0.046,0.046,0.045

>n344975
0.048,0.023,0.035,0.039,0.035,0.02,0.005,0.033,0.03,0.021,0.023,0.032,0.033,0.028,0.043,0.06,0.057,0.048,0.048,0.048,0.048,0.046,0.049,0.047,0.048,0.048

>n344980
0.051,0.024,0.042,0.035,0.035,0.03,0.003,0.038,0.034,0.025,0.027,0.028,0.031,0.028,0.042,0.041,0.057,0.049,0.048,0.048,0.047,0.047,0.047,0.048,0.049,0.046

>n344986
0.034,0.025,0.033,0.027,0.038,0.036,0.012,0.035,0.028,0.029,0.032,0.026,0.019,0.03,0.039,0.039,0.062,0.051,0.051,0.052,0.051,0.051,0.05,0.052,0.051,0.051

>n344988
0.062,0.022,0.034,0.04,0.035,0.024,0.007,0.038,0.031,0.021,0.032,0.022,0.03,0.036,0.034,0.048,0.054,0.05,0.047,0.047,0.051,0.048,0.046,0.048,0.046,0.048

>n344992
0.032,0.014,0.025,0.047,0.026,0.025,0.005,0.05,0.025,0.018,0.02,0.028,0.035,0.049,0.041,0.097,0.053,0.047,0.046,0.043,0.048,0.045,0.045,0.046,0.044,0.047

>n344995
0.036,0.026,0.034,0.028,0.037,0.041,0.007,0.044,0.027,0.026,0.027,0.029,0.024,0.035,0.042,0.041,0.059,0.048,0.049,0.049,0.048,0.048,0.049,0.048,0.049,0.049

>n344996
0.06,0.025,0.037,0.038,0.038,0.027,0.004,0.037,0.03,0.023,0.025,0.025,0.032,0.029,0.038,0.053,0.056,0.048,0.046,0.048,0.047,0.046,0.048,0.047,0.046,0.047

>n345003
0.058,0.027,0.029,0.052,0.039,0.016,0.001,0.036,0.022,0.02,0.013,0.029,0.047,0.03,0.04,0.07,0.057,0.046,0.048,0.044,0.047,0.045,0.047,0.046,0.045,0.047

>n345006
0.047,0.026,0.039,0.038,0.034,0.021,0.002,0.04,0.034,0.018,0.025,0.03,0.035,0.032,0.041,0.06,0.055,0.049,0.046,0.048,0.044,0.047,0.047,0.047,0.047,0.047

>n345012
0.029,0.028,0.033,0.032,0.042,0.039,0.008,0.04,0.023,0.028,0.02,0.028,0.028,0.035,0.038,0.052,0.061,0.048,0.049,0.049,0.047,0.049,0.047,0.049,0.049,0.048

>n345014
0.047,0.026,0.037,0.04,0.037,0.032,0.002,0.039,0.03,0.023,0.023,0.027,0.035,0.03,0.041,0.055,0.057,0.047,0.046,0.047,0.048,0.045,0.047,0.045,0.048,0.045

>n345025
0.038,0.028,0.035,0.037,0.035,0.035,0.004,0.042,0.03,0.02,0.027,0.028,0.034,0.034,0.039,0.052,0.055,0.05,0.046,0.048,0.047,0.046,0.048,0.046,0.047,0.049

>n345026
0.046,0.029,0.035,0.039,0.045,0.029,0.008,0.032,0.027,0.028,0.018,0.027,0.031,0.027,0.04,0.04,0.063,0.048,0.048,0.05,0.048,0.049,0.046,0.052,0.045,0.051

>n345031
0.036,0.029,0.031,0.024,0.039,0.025,0.016,0.027,0.029,0.024,0.033,0.029,0.016,0.029,0.035,0.036,0.065,0.051,0.057,0.051,0.056,0.05,0.056,0.05,0.057,0.048

>n345032
0.019,0.019,0.033,0.016,0.028,0.047,0.018,0.04,0.026,0.034,0.037,0.026,0.014,0.033,0.035,0.033,0.064,0.054,0.053,0.054,0.053,0.052,0.053,0.052,0.052,0.053

>n345038
0.043,0.022,0.041,0.04,0.037,0.02,0.001,0.041,0.029,0.024,0.026,0.029,0.037,0.033,0.04,0.061,0.056,0.047,0.047,0.046,0.047,0.046,0.047,0.046,0.046,0.045

>n345040
0.043,0.025,0.032,0.039,0.035,0.025,0.006,0.037,0.025,0.019,0.022,0.031,0.036,0.033,0.038,0.062,0.057,0.049,0.048,0.049,0.048,0.047,0.048,0.049,0.048,0.048

>n345041
0.043,0.022,0.04,0.033,0.034,0.029,0.003,0.044,0.033,0.025,0.035,0.026,0.027,0.035,0.042,0.044,0.056,0.048,0.047,0.049,0.048,0.046,0.048,0.047,0.048,0.047

>n345044
0.065,0.025,0.039,0.037,0.039,0.024,0.006,0.036,0.032,0.025,0.028,0.023,0.031,0.03,0.036,0.03,0.058,0.049,0.046,0.05,0.049,0.046,0.049,0.048,0.048,0.049

>n345045
0.057,0.027,0.035,0.04,0.037,0.03,0.003,0.04,0.028,0.025,0.023,0.021,0.037,0.028,0.035,0.058,0.055,0.049,0.045,0.047,0.047,0.045,0.047,0.047,0.046,0.047

>n345046
0.042,0.024,0.041,0.035,0.032,0.022,0.006,0.036,0.036,0.02,0.022,0.033,0.032,0.031,0.041,0.057,0.058,0.049,0.048,0.048,0.048,0.047,0.047,0.049,0.047,0.048

>n345059
0.029,0.023,0.032,0.035,0.038,0.031,0.006,0.036,0.018,0.026,0.019,0.035,0.033,0.031,0.042,0.068,0.06,0.047,0.051,0.046,0.049,0.048,0.049,0.05,0.049,0.047

>n345068
0.028,0.018,0.033,0.023,0.027,0.034,0.022,0.031,0.031,0.036,0.032,0.023,0.016,0.026,0.035,0.036,0.067,0.055,0.052,0.055,0.053,0.054,0.054,0.054,0.05,0.054

>n345070
0.053,0.026,0.034,0.033,0.035,0.042,0.008,0.036,0.036,0.027,0.024,0.026,0.023,0.027,0.046,0.03,0.058,0.05,0.046,0.05,0.049,0.046,0.049,0.05,0.048,0.048

>n345077
0.021,0.024,0.034,0.016,0.033,0.051,0.019,0.038,0.029,0.038,0.034,0.021,0.012,0.029,0.035,0.022,0.066,0.055,0.052,0.054,0.054,0.052,0.053,0.052,0.054,0.052

>n345088
0.061,0.026,0.053,0.027,0.032,0.018,0.005,0.03,0.05,0.021,0.038,0.024,0.023,0.022,0.037,0.037,0.055,0.05,0.048,0.051,0.049,0.049,0.048,0.05,0.048,0.048

>n345091
0.057,0.029,0.041,0.039,0.03,0.012,0.005,0.028,0.04,0.017,0.026,0.029,0.038,0.017,0.041,0.058,0.058,0.049,0.047,0.051,0.049,0.046,0.049,0.047,0.049,0.048

>n345101
0.038,0.028,0.036,0.034,0.043,0.035,0.005,0.038,0.032,0.024,0.031,0.028,0.023,0.034,0.043,0.036,0.058,0.049,0.047,0.049,0.05,0.046,0.05,0.049,0.047,0.049

>n345105
0.046,0.027,0.031,0.044,0.038,0.018,0.005,0.034,0.023,0.018,0.015,0.038,0.04,0.032,0.044,0.06,0.06,0.045,0.049,0.048,0.048,0.048,0.046,0.049,0.046,0.049

>n345110
0.076,0.033,0.039,0.044,0.041,0.016,0.004,0.03,0.034,0.016,0.022,0.023,0.041,0.026,0.03,0.046,0.057,0.047,0.046,0.05,0.045,0.048,0.046,0.048,0.047,0.045

>n345117
0.036,0.026,0.034,0.037,0.038,0.027,0.005,0.045,0.026,0.028,0.024,0.024,0.033,0.034,0.039,0.054,0.058,0.048,0.05,0.048,0.046,0.049,0.047,0.05,0.047,0.047

>n345138
0.054,0.028,0.041,0.034,0.041,0.028,0.005,0.037,0.035,0.024,0.028,0.022,0.027,0.03,0.036,0.044,0.057,0.049,0.048,0.048,0.048,0.046,0.048,0.047,0.048,0.048

>n345139
0.039,0.026,0.04,0.034,0.037,0.028,0.004,0.041,0.041,0.025,0.029,0.026,0.022,0.032,0.047,0.041,0.056,0.048,0.048,0.049,0.049,0.045,0.047,0.048,0.046,0.05

>n345156
0.064,0.024,0.037,0.055,0.038,0.029,0.001,0.036,0.031,0.015,0.017,0.026,0.047,0.035,0.034,0.057,0.054,0.045,0.044,0.046,0.045,0.044,0.043,0.047,0.042,0.045

>n345157
0.043,0.025,0.037,0.033,0.038,0.032,0.006,0.041,0.028,0.025,0.03,0.026,0.028,0.035,0.036,0.046,0.057,0.05,0.048,0.049,0.048,0.048,0.048,0.048,0.049,0.048

>n345161
0.048,0.021,0.043,0.039,0.03,0.022,0.004,0.034,0.037,0.02,0.033,0.029,0.036,0.026,0.039,0.054,0.055,0.048,0.048,0.048,0.048,0.047,0.048,0.048,0.048,0.048

>n345168
0.087,0.034,0.034,0.037,0.041,0.022,0.001,0.034,0.034,0.012,0.011,0.033,0.031,0.03,0.045,0.063,0.053,0.047,0.042,0.045,0.045,0.043,0.044,0.043,0.045,0.043

>n345170
0.048,0.022,0.039,0.037,0.032,0.023,0.005,0.038,0.033,0.022,0.03,0.028,0.033,0.03,0.04,0.053,0.057,0.048,0.048,0.048,0.048,0.047,0.049,0.048,0.048,0.047

>n345173
0.049,0.027,0.043,0.032,0.037,0.025,0.007,0.034,0.035,0.025,0.035,0.022,0.03,0.026,0.032,0.042,0.058,0.05,0.049,0.049,0.049,0.048,0.05,0.05,0.049,0.049

>n345175
0.042,0.019,0.031,0.034,0.024,0.014,0.015,0.03,0.029,0.023,0.03,0.031,0.031,0.027,0.038,0.055,0.063,0.053,0.052,0.051,0.054,0.049,0.05,0.052,0.051,0.05

>n345179
0.034,0.022,0.038,0.023,0.031,0.037,0.007,0.037,0.033,0.028,0.049,0.027,0.018,0.026,0.043,0.039,0.056,0.051,0.051,0.051,0.05,0.049,0.049,0.05,0.051,0.049

>n345182
0.055,0.027,0.037,0.041,0.035,0.026,0.003,0.043,0.028,0.02,0.019,0.025,0.042,0.034,0.034,0.06,0.056,0.047,0.046,0.046,0.047,0.046,0.046,0.046,0.045,0.047

>n345185
0.045,0.026,0.033,0.038,0.035,0.025,0.004,0.044,0.025,0.021,0.022,0.028,0.036,0.035,0.037,0.066,0.057,0.048,0.049,0.046,0.048,0.046,0.047,0.047,0.047,0.047

>n345186
0.046,0.029,0.042,0.041,0.045,0.026,0.005,0.032,0.035,0.021,0.025,0.024,0.033,0.032,0.032,0.045,0.058,0.046,0.048,0.047,0.05,0.047,0.049,0.047,0.047,0.048

>n345207
0.037,0.025,0.035,0.038,0.042,0.031,0.006,0.034,0.026,0.027,0.027,0.028,0.03,0.03,0.04,0.046,0.061,0.048,0.051,0.047,0.049,0.048,0.049,0.048,0.05,0.049

>n345221
0.049,0.025,0.034,0.048,0.031,0.022,0.006,0.033,0.032,0.018,0.023,0.029,0.042,0.027,0.04,0.053,0.059,0.048,0.047,0.05,0.048,0.046,0.048,0.048,0.048,0.048

>n345222
0.054,0.028,0.032,0.048,0.036,0.018,0.003,0.035,0.03,0.017,0.017,0.028,0.043,0.029,0.04,0.07,0.056,0.045,0.048,0.045,0.048,0.045,0.047,0.046,0.046,0.046

>n345226
0.052,0.028,0.041,0.03,0.043,0.032,0.002,0.039,0.031,0.027,0.031,0.024,0.025,0.03,0.038,0.042,0.055,0.049,0.046,0.049,0.047,0.047,0.048,0.047,0.047,0.047

>n345229
0.068,0.028,0.042,0.033,0.041,0.022,0.007,0.019,0.046,0.025,0.036,0.025,0.016,0.015,0.047,0.026,0.058,0.052,0.049,0.05,0.05,0.049,0.048,0.05,0.05,0.048

>n345232
0.06,0.023,0.038,0.044,0.028,0.013,0.003,0.032,0.03,0.016,0.016,0.035,0.047,0.023,0.041,0.076,0.056,0.046,0.047,0.047,0.047,0.046,0.046,0.046,0.046,0.047

>n345246
0.049,0.023,0.037,0.043,0.031,0.021,0.004,0.035,0.033,0.019,0.022,0.03,0.04,0.028,0.04,0.067,0.056,0.048,0.047,0.048,0.047,0.046,0.047,0.047,0.047,0.047

>n345248
0.04,0.026,0.034,0.033,0.03,0.023,0.007,0.042,0.029,0.02,0.024,0.032,0.035,0.033,0.039,0.058,0.059,0.049,0.048,0.049,0.048,0.047,0.051,0.048,0.049,0.047

>n345249
0.019,0.014,0.037,0.023,0.027,0.035,0.009,0.038,0.032,0.034,0.051,0.033,0.015,0.026,0.053,0.027,0.063,0.05,0.055,0.048,0.056,0.048,0.053,0.05,0.054,0.05

>n345251
0.034,0.026,0.04,0.034,0.036,0.024,0.004,0.042,0.033,0.027,0.026,0.032,0.032,0.029,0.048,0.035,0.061,0.047,0.051,0.047,0.052,0.046,0.051,0.046,0.051,0.046

>n345255
0.044,0.032,0.028,0.037,0.039,0.033,0.006,0.041,0.024,0.025,0.022,0.026,0.034,0.029,0.041,0.045,0.06,0.049,0.048,0.05,0.047,0.048,0.049,0.049,0.048,0.048

>n345260
0.054,0.026,0.03,0.037,0.038,0.029,0.008,0.036,0.024,0.022,0.026,0.028,0.03,0.034,0.036,0.046,0.058,0.049,0.048,0.049,0.049,0.048,0.05,0.048,0.049,0.048

>n345270
0.049,0.027,0.03,0.041,0.044,0.039,0.003,0.048,0.029,0.019,0.022,0.023,0.027,0.048,0.038,0.051,0.053,0.048,0.046,0.044,0.042,0.048,0.046,0.045,0.045,0.045

>n345271
0.038,0.024,0.029,0.046,0.035,0.023,0.003,0.038,0.026,0.015,0.02,0.034,0.038,0.036,0.044,0.078,0.055,0.046,0.047,0.047,0.047,0.046,0.047,0.045,0.047,0.047

>n345277
0.059,0.025,0.039,0.037,0.035,0.024,0.003,0.039,0.035,0.016,0.026,0.031,0.031,0.035,0.041,0.051,0.055,0.049,0.045,0.049,0.046,0.045,0.046,0.047,0.045,0.046

>n345281
0.039,0.016,0.033,0.024,0.023,0.025,0.017,0.029,0.029,0.03,0.036,0.029,0.021,0.024,0.037,0.055,0.063,0.054,0.052,0.05,0.055,0.048,0.052,0.053,0.052,0.055

>n345288
0.013,0.021,0.028,0.021,0.027,0.046,0.022,0.032,0.034,0.034,0.048,0.022,0.009,0.026,0.04,0.02,0.067,0.057,0.055,0.055,0.053,0.056,0.055,0.051,0.057,0.055

>n345289
0.041,0.011,0.025,0.065,0.029,0.022,0.002,0.027,0.023,0.02,0.013,0.032,0.049,0.027,0.049,0.108,0.055,0.044,0.043,0.048,0.041,0.043,0.048,0.041,0.05,0.043

>n345293
0.035,0.028,0.035,0.028,0.04,0.037,0.007,0.045,0.031,0.03,0.029,0.024,0.021,0.035,0.042,0.036,0.059,0.05,0.048,0.05,0.048,0.048,0.048,0.05,0.049,0.049

>n345296
0.044,0.029,0.04,0.033,0.045,0.034,0.003,0.04,0.03,0.025,0.031,0.024,0.027,0.034,0.037,0.035,0.057,0.049,0.048,0.048,0.048,0.047,0.048,0.048,0.047,0.048

>n345297
0.039,0.026,0.031,0.034,0.037,0.036,0.006,0.047,0.026,0.022,0.024,0.027,0.029,0.042,0.039,0.051,0.057,0.048,0.048,0.047,0.048,0.045,0.048,0.049,0.046,0.048

>n345298
0.053,0.026,0.038,0.042,0.035,0.025,0.005,0.039,0.036,0.02,0.018,0.024,0.036,0.031,0.037,0.062,0.056,0.047,0.046,0.047,0.047,0.044,0.048,0.046,0.046,0.046

>n345304
0.053,0.025,0.037,0.039,0.035,0.024,0.004,0.034,0.03,0.022,0.028,0.027,0.035,0.026,0.038,0.053,0.057,0.048,0.048,0.049,0.048,0.047,0.049,0.047,0.048,0.048

>n345310
0.055,0.028,0.045,0.033,0.042,0.025,0.003,0.029,0.031,0.02,0.03,0.033,0.033,0.026,0.037,0.043,0.058,0.047,0.05,0.048,0.049,0.045,0.05,0.046,0.048,0.048

>n345322
0.021,0.022,0.036,0.02,0.035,0.043,0.012,0.038,0.029,0.033,0.043,0.028,0.014,0.029,0.043,0.027,0.062,0.053,0.052,0.052,0.053,0.051,0.052,0.051,0.052,0.051

>n345323
0.077,0.027,0.038,0.05,0.038,0.02,0.003,0.031,0.037,0.018,0.019,0.023,0.041,0.027,0.036,0.043,0.056,0.046,0.047,0.046,0.046,0.045,0.047,0.046,0.046,0.046

>n345334
0.044,0.025,0.042,0.029,0.036,0.024,0.007,0.033,0.038,0.026,0.039,0.028,0.023,0.026,0.042,0.03,0.06,0.051,0.05,0.05,0.051,0.049,0.05,0.05,0.049,0.05

>n345337
0.045,0.024,0.031,0.032,0.035,0.029,0.01,0.034,0.025,0.023,0.026,0.029,0.027,0.032,0.036,0.057,0.059,0.05,0.051,0.049,0.049,0.049,0.051,0.05,0.049,0.049

>n345338
0.056,0.024,0.036,0.038,0.04,0.024,0.008,0.028,0.029,0.018,0.02,0.032,0.029,0.034,0.036,0.059,0.057,0.051,0.046,0.048,0.049,0.046,0.048,0.048,0.048,0.048

>n345357
0.026,0.019,0.028,0.029,0.029,0.036,0.017,0.034,0.023,0.033,0.032,0.025,0.024,0.028,0.036,0.048,0.064,0.054,0.052,0.053,0.053,0.049,0.052,0.054,0.052,0.053

>n345373
0.054,0.025,0.033,0.045,0.033,0.022,0.003,0.034,0.027,0.019,0.021,0.03,0.042,0.027,0.041,0.067,0.058,0.046,0.046,0.048,0.047,0.045,0.048,0.047,0.046,0.046

>n345382
0.044,0.028,0.032,0.038,0.04,0.03,0.005,0.038,0.025,0.026,0.029,0.025,0.032,0.028,0.04,0.047,0.059,0.049,0.048,0.049,0.049,0.046,0.05,0.049,0.047,0.048

>n345385
0.041,0.02,0.035,0.041,0.027,0.024,0.004,0.038,0.031,0.02,0.026,0.032,0.038,0.029,0.044,0.069,0.056,0.048,0.047,0.048,0.047,0.047,0.048,0.047,0.048,0.046

>n345386
0.043,0.019,0.036,0.051,0.028,0.014,0.002,0.03,0.031,0.018,0.025,0.037,0.047,0.024,0.047,0.065,0.058,0.046,0.049,0.046,0.048,0.047,0.047,0.047,0.048,0.046

>n345387
0.038,0.024,0.045,0.029,0.039,0.032,0.004,0.037,0.037,0.025,0.038,0.026,0.022,0.031,0.039,0.041,0.057,0.049,0.049,0.048,0.049,0.046,0.049,0.048,0.048,0.048

>n345391
0.057,0.026,0.039,0.043,0.039,0.023,0.002,0.039,0.034,0.018,0.022,0.027,0.035,0.035,0.038,0.059,0.054,0.047,0.047,0.045,0.046,0.045,0.046,0.045,0.046,0.045

>n345395
0.068,0.033,0.033,0.053,0.04,0.021,0.003,0.034,0.031,0.016,0.016,0.021,0.047,0.028,0.033,0.053,0.057,0.046,0.046,0.046,0.047,0.045,0.047,0.046,0.047,0.044

>n345405
0.039,0.022,0.034,0.033,0.035,0.029,0.008,0.036,0.028,0.023,0.025,0.032,0.027,0.034,0.04,0.06,0.058,0.049,0.049,0.048,0.049,0.047,0.05,0.049,0.047,0.05

>n345408
0.037,0.03,0.036,0.032,0.037,0.035,0.009,0.035,0.036,0.025,0.03,0.026,0.024,0.026,0.042,0.032,0.06,0.051,0.049,0.051,0.049,0.05,0.05,0.05,0.051,0.048

>n345417
0.065,0.026,0.034,0.05,0.036,0.019,0.002,0.037,0.031,0.017,0.02,0.025,0.043,0.032,0.036,0.06,0.055,0.046,0.046,0.046,0.046,0.046,0.046,0.045,0.046,0.046

>n345418
0.058,0.027,0.032,0.037,0.036,0.022,0.004,0.036,0.027,0.023,0.027,0.028,0.032,0.027,0.041,0.053,0.058,0.048,0.048,0.048,0.049,0.046,0.049,0.047,0.049,0.047

>n345421
0.053,0.024,0.036,0.046,0.034,0.021,0.003,0.036,0.03,0.016,0.022,0.031,0.042,0.032,0.039,0.062,0.056,0.047,0.046,0.047,0.047,0.045,0.047,0.046,0.047,0.046

>n345422
0.032,0.022,0.044,0.024,0.037,0.038,0.008,0.039,0.033,0.031,0.038,0.025,0.019,0.031,0.037,0.035,0.058,0.051,0.05,0.05,0.049,0.049,0.05,0.051,0.049,0.051

>n345423
0.026,0.019,0.04,0.027,0.032,0.03,0.008,0.038,0.033,0.031,0.039,0.03,0.021,0.027,0.046,0.04,0.06,0.052,0.05,0.051,0.051,0.05,0.05,0.05,0.05,0.05

>n345424
0.034,0.027,0.035,0.03,0.037,0.032,0.007,0.044,0.026,0.025,0.029,0.028,0.028,0.035,0.038,0.046,0.059,0.05,0.048,0.05,0.049,0.048,0.049,0.049,0.049,0.049

>n345433
0.034,0.03,0.04,0.031,0.036,0.042,0.001,0.046,0.032,0.019,0.029,0.029,0.033,0.033,0.039,0.05,0.055,0.049,0.045,0.046,0.049,0.046,0.046,0.047,0.046,0.045

>n345437
0.049,0.026,0.031,0.04,0.031,0.016,0.004,0.034,0.029,0.019,0.027,0.031,0.038,0.024,0.044,0.063,0.058,0.049,0.047,0.05,0.049,0.047,0.047,0.049,0.049,0.048

>n345449
0.045,0.029,0.035,0.043,0.047,0.031,0.004,0.04,0.034,0.021,0.02,0.026,0.026,0.039,0.043,0.044,0.057,0.045,0.048,0.045,0.049,0.044,0.045,0.047,0.046,0.045

>n345455
0.057,0.026,0.039,0.034,0.038,0.029,0.006,0.035,0.03,0.025,0.03,0.023,0.031,0.029,0.032,0.043,0.058,0.049,0.047,0.049,0.048,0.047,0.049,0.048,0.048,0.048

>n345457
0.056,0.022,0.034,0.052,0.034,0.019,0.002,0.038,0.03,0.018,0.019,0.027,0.045,0.034,0.039,0.062,0.055,0.045,0.048,0.045,0.047,0.044,0.046,0.044,0.048,0.046

>n345458
0.05,0.022,0.033,0.049,0.032,0.022,0.003,0.037,0.029,0.016,0.022,0.031,0.043,0.034,0.04,0.065,0.055,0.047,0.047,0.046,0.047,0.045,0.046,0.047,0.047,0.046

>n345465
0.029,0.022,0.04,0.03,0.038,0.035,0.006,0.04,0.029,0.029,0.043,0.024,0.024,0.033,0.037,0.038,0.057,0.051,0.051,0.048,0.053,0.049,0.049,0.048,0.051,0.048

>n345468
0.048,0.022,0.041,0.029,0.028,0.027,0.007,0.037,0.036,0.023,0.037,0.028,0.027,0.028,0.038,0.041,0.057,0.052,0.049,0.05,0.05,0.046,0.05,0.049,0.05,0.048

>n345473
0.062,0.023,0.038,0.044,0.031,0.021,0.002,0.039,0.032,0.019,0.022,0.027,0.043,0.03,0.038,0.06,0.054,0.047,0.046,0.046,0.046,0.046,0.046,0.046,0.046,0.046

>n345474
0.063,0.024,0.027,0.049,0.03,0.023,0.003,0.043,0.025,0.013,0.016,0.028,0.046,0.038,0.036,0.075,0.053,0.046,0.045,0.045,0.046,0.044,0.044,0.047,0.045,0.045

>n345483
0.058,0.023,0.034,0.045,0.033,0.019,0.005,0.031,0.031,0.021,0.028,0.029,0.037,0.025,0.043,0.046,0.058,0.048,0.049,0.049,0.047,0.048,0.049,0.048,0.048,0.049

>n345486
0.026,0.021,0.037,0.015,0.029,0.036,0.019,0.031,0.032,0.033,0.052,0.022,0.012,0.024,0.031,0.028,0.064,0.057,0.053,0.054,0.054,0.054,0.054,0.052,0.053,0.057

>n345501
0.033,0.029,0.037,0.028,0.034,0.032,0.01,0.039,0.036,0.025,0.03,0.024,0.024,0.029,0.038,0.041,0.06,0.052,0.048,0.05,0.05,0.049,0.049,0.05,0.052,0.049

>n345502
0.043,0.026,0.032,0.039,0.039,0.027,0.004,0.038,0.025,0.024,0.026,0.029,0.033,0.03,0.042,0.051,0.058,0.051,0.046,0.049,0.049,0.047,0.048,0.049,0.048,0.047

>n345506
0.068,0.026,0.043,0.044,0.035,0.017,0.002,0.03,0.037,0.018,0.024,0.027,0.04,0.023,0.038,0.052,0.056,0.049,0.045,0.048,0.047,0.046,0.047,0.045,0.047,0.047

>n345516
0.056,0.025,0.032,0.048,0.028,0.017,0.003,0.035,0.027,0.014,0.016,0.034,0.05,0.027,0.039,0.073,0.057,0.045,0.048,0.046,0.048,0.045,0.047,0.045,0.048,0.045

>n345524
0.046,0.026,0.035,0.038,0.037,0.025,0.005,0.037,0.03,0.022,0.028,0.029,0.032,0.032,0.04,0.046,0.058,0.049,0.048,0.048,0.048,0.049,0.047,0.049,0.048,0.048

>n345527
0.048,0.026,0.032,0.041,0.039,0.02,0.004,0.037,0.023,0.023,0.02,0.03,0.037,0.031,0.039,0.066,0.058,0.048,0.047,0.047,0.047,0.047,0.048,0.048,0.047,0.047

>n345534
0.044,0.028,0.04,0.031,0.039,0.032,0.009,0.033,0.034,0.027,0.033,0.023,0.025,0.027,0.034,0.032,0.06,0.05,0.05,0.05,0.051,0.049,0.05,0.05,0.051,0.049

>n345544
0.053,0.025,0.037,0.045,0.033,0.019,0.003,0.037,0.034,0.019,0.024,0.026,0.04,0.029,0.038,0.057,0.055,0.047,0.048,0.047,0.048,0.046,0.047,0.047,0.047,0.047

>n345557
0.056,0.025,0.039,0.039,0.032,0.021,0.002,0.04,0.03,0.019,0.025,0.029,0.04,0.03,0.037,0.056,0.056,0.047,0.047,0.047,0.046,0.047,0.047,0.047,0.045,0.048

>n345558
0.074,0.028,0.033,0.056,0.035,0.022,0.004,0.032,0.032,0.016,0.014,0.024,0.049,0.028,0.034,0.053,0.056,0.045,0.047,0.045,0.046,0.045,0.047,0.046,0.046,0.045

>n345559
0.054,0.027,0.033,0.049,0.037,0.023,0.004,0.034,0.029,0.017,0.018,0.025,0.044,0.03,0.034,0.066,0.056,0.047,0.047,0.045,0.048,0.047,0.046,0.047,0.046,0.046

>n345568
0.041,0.028,0.041,0.039,0.041,0.032,0.003,0.03,0.035,0.022,0.037,0.027,0.031,0.026,0.038,0.036,0.057,0.046,0.051,0.048,0.049,0.047,0.049,0.048,0.048,0.049

>n345574
0.033,0.021,0.037,0.029,0.031,0.029,0.007,0.042,0.031,0.025,0.028,0.034,0.025,0.034,0.046,0.046,0.059,0.048,0.05,0.05,0.05,0.048,0.05,0.048,0.048,0.05

>n345580
0.033,0.022,0.037,0.029,0.033,0.028,0.006,0.04,0.029,0.027,0.031,0.031,0.027,0.03,0.044,0.051,0.059,0.05,0.049,0.05,0.05,0.048,0.05,0.048,0.05,0.049

>n345589
0.028,0.022,0.033,0.029,0.038,0.033,0.006,0.043,0.017,0.037,0.035,0.027,0.028,0.027,0.043,0.036,0.063,0.052,0.047,0.053,0.05,0.048,0.054,0.052,0.048,0.053

>n345594
0.058,0.029,0.036,0.039,0.041,0.023,0.004,0.037,0.031,0.02,0.024,0.026,0.032,0.033,0.037,0.054,0.055,0.046,0.049,0.047,0.048,0.045,0.047,0.046,0.047,0.046

>n345612
0.044,0.02,0.044,0.034,0.03,0.02,0.006,0.036,0.036,0.024,0.031,0.031,0.031,0.028,0.041,0.049,0.058,0.05,0.047,0.051,0.047,0.048,0.049,0.049,0.049,0.047

>n345613
0.049,0.025,0.039,0.042,0.035,0.017,0.004,0.03,0.039,0.02,0.031,0.032,0.032,0.023,0.049,0.039,0.058,0.048,0.049,0.047,0.05,0.047,0.051,0.045,0.05,0.048

>n345618
0.048,0.023,0.034,0.048,0.03,0.018,0.003,0.033,0.031,0.017,0.023,0.032,0.044,0.026,0.043,0.07,0.056,0.047,0.047,0.047,0.047,0.046,0.047,0.047,0.046,0.047

>n345622
0.036,0.02,0.035,0.036,0.028,0.025,0.006,0.035,0.027,0.023,0.025,0.033,0.035,0.027,0.043,0.072,0.058,0.047,0.048,0.05,0.049,0.046,0.051,0.048,0.049,0.047

>n345623
0.03,0.021,0.033,0.029,0.032,0.035,0.007,0.046,0.026,0.026,0.027,0.03,0.024,0.038,0.043,0.06,0.058,0.049,0.049,0.049,0.048,0.047,0.05,0.049,0.047,0.047

>n345630
0.055,0.029,0.038,0.033,0.041,0.021,0.007,0.033,0.034,0.024,0.029,0.026,0.025,0.027,0.04,0.037,0.058,0.05,0.05,0.049,0.05,0.048,0.05,0.048,0.049,0.049

>n345636
0.065,0.025,0.034,0.046,0.032,0.016,0.002,0.031,0.03,0.014,0.022,0.032,0.043,0.026,0.04,0.072,0.055,0.047,0.047,0.045,0.046,0.046,0.047,0.046,0.046,0.046

>n345637
0.025,0.029,0.042,0.032,0.053,0.028,0.006,0.037,0.041,0.031,0.038,0.018,0.009,0.036,0.042,0.032,0.058,0.052,0.048,0.05,0.052,0.048,0.048,0.05,0.046,0.05

>n345641
0.042,0.028,0.047,0.027,0.046,0.037,0.005,0.039,0.033,0.028,0.029,0.023,0.022,0.034,0.032,0.035,0.057,0.05,0.048,0.049,0.049,0.047,0.049,0.048,0.047,0.049

>n345647
0.058,0.029,0.032,0.054,0.036,0.021,0.001,0.039,0.026,0.014,0.012,0.026,0.052,0.034,0.033,0.072,0.055,0.045,0.045,0.045,0.044,0.046,0.044,0.046,0.045,0.044

>n345648
0.063,0.025,0.036,0.046,0.034,0.021,0.001,0.038,0.033,0.02,0.027,0.024,0.04,0.027,0.041,0.049,0.054,0.047,0.047,0.047,0.047,0.047,0.047,0.047,0.045,0.047

>n345653
0.065,0.024,0.029,0.049,0.034,0.021,0.003,0.035,0.025,0.017,0.021,0.027,0.043,0.03,0.038,0.07,0.055,0.047,0.046,0.047,0.047,0.045,0.046,0.046,0.046,0.046

>n345666
0.055,0.023,0.04,0.039,0.031,0.031,0.004,0.04,0.035,0.02,0.03,0.023,0.035,0.033,0.035,0.053,0.055,0.047,0.048,0.046,0.046,0.047,0.046,0.048,0.045,0.046

>n345668
0.052,0.023,0.042,0.044,0.034,0.021,0.003,0.037,0.037,0.02,0.027,0.026,0.037,0.031,0.037,0.055,0.055,0.048,0.047,0.046,0.046,0.046,0.048,0.045,0.047,0.047

>n345670
0.063,0.023,0.034,0.051,0.03,0.017,0.003,0.03,0.033,0.016,0.023,0.029,0.044,0.025,0.041,0.059,0.056,0.047,0.048,0.047,0.048,0.045,0.047,0.046,0.047,0.047

>n345674
0.123,0.029,0.055,0.04,0.034,0.007,0.004,0.022,0.055,0.015,0.011,0.025,0.034,0.016,0.036,0.034,0.052,0.047,0.045,0.047,0.043,0.046,0.045,0.044,0.046,0.045

>n345685
0.035,0.026,0.043,0.024,0.04,0.038,0.007,0.038,0.036,0.028,0.039,0.025,0.017,0.033,0.038,0.031,0.057,0.051,0.05,0.051,0.05,0.05,0.049,0.05,0.047,0.05

>n345686
0.048,0.029,0.033,0.028,0.031,0.031,0.015,0.034,0.038,0.021,0.021,0.026,0.022,0.03,0.037,0.044,0.061,0.052,0.05,0.051,0.05,0.047,0.051,0.049,0.051,0.051

>n345694
0.051,0.025,0.039,0.024,0.034,0.021,0.017,0.027,0.037,0.028,0.024,0.027,0.016,0.025,0.037,0.031,0.066,0.055,0.051,0.052,0.051,0.052,0.053,0.051,0.053,0.051

>n345696
0.041,0.016,0.037,0.025,0.03,0.027,0.013,0.034,0.029,0.031,0.029,0.033,0.019,0.03,0.044,0.034,0.061,0.057,0.046,0.058,0.051,0.048,0.05,0.056,0.049,0.052

>n345697
0.047,0.021,0.04,0.033,0.038,0.03,0.004,0.041,0.037,0.033,0.026,0.028,0.02,0.028,0.053,0.026,0.059,0.054,0.045,0.049,0.048,0.047,0.049,0.05,0.043,0.049

>n345701
0.066,0.034,0.044,0.034,0.026,0.015,0.004,0.038,0.041,0.017,0.022,0.029,0.044,0.017,0.04,0.037,0.059,0.048,0.049,0.046,0.049,0.047,0.047,0.051,0.049,0.047

>n345707
0.026,0.025,0.04,0.02,0.035,0.042,0.012,0.038,0.035,0.026,0.05,0.023,0.016,0.034,0.032,0.024,0.06,0.053,0.053,0.052,0.052,0.051,0.047,0.052,0.051,0.051

>n345721
0.023,0.024,0.039,0.012,0.032,0.029,0.022,0.033,0.019,0.043,0.027,0.024,0.024,0.019,0.025,0.033,0.074,0.058,0.051,0.055,0.058,0.054,0.055,0.057,0.054,0.057

>n345742
0.064,0.033,0.037,0.039,0.04,0.028,0.003,0.038,0.035,0.021,0.018,0.024,0.034,0.026,0.041,0.042,0.057,0.046,0.047,0.048,0.046,0.046,0.046,0.049,0.044,0.048

>n345746
0.04,0.017,0.036,0.028,0.026,0.026,0.012,0.031,0.032,0.029,0.032,0.028,0.022,0.025,0.04,0.06,0.06,0.053,0.05,0.048,0.054,0.046,0.051,0.05,0.05,0.052

>n345751
0.029,0.031,0.029,0.022,0.04,0.052,0.012,0.048,0.025,0.027,0.026,0.023,0.017,0.042,0.034,0.035,0.06,0.051,0.049,0.05,0.05,0.05,0.049,0.049,0.049,0.05

>n345754
0.046,0.03,0.051,0.019,0.053,0.047,0.009,0.035,0.035,0.04,0.019,0.023,0.012,0.026,0.039,0.012,0.062,0.056,0.041,0.048,0.057,0.045,0.047,0.054,0.043,0.051

>n345765
0.03,0.025,0.04,0.022,0.037,0.043,0.009,0.045,0.032,0.029,0.034,0.025,0.017,0.037,0.038,0.033,0.059,0.051,0.05,0.05,0.05,0.048,0.05,0.049,0.049,0.049

>n345777
0.035,0.023,0.039,0.027,0.032,0.031,0.009,0.042,0.033,0.029,0.035,0.025,0.024,0.031,0.039,0.037,0.059,0.052,0.05,0.05,0.05,0.05,0.05,0.05,0.05,0.049

>n345779
0.043,0.024,0.034,0.021,0.033,0.025,0.02,0.032,0.03,0.037,0.036,0.016,0.015,0.025,0.03,0.025,0.069,0.055,0.051,0.057,0.053,0.052,0.054,0.057,0.049,0.055

>n345781
0.042,0.019,0.035,0.022,0.027,0.035,0.021,0.029,0.033,0.031,0.042,0.019,0.017,0.027,0.027,0.035,0.063,0.055,0.051,0.055,0.052,0.051,0.052,0.054,0.051,0.054

>n345799
0.005,0.018,0.035,0.01,0.027,0.045,0.012,0.046,0.027,0.054,0.047,0.022,0.009,0.014,0.056,0.015,0.068,0.061,0.05,0.057,0.053,0.05,0.054,0.056,0.055,0.054

>n345800
0.032,0.022,0.039,0.025,0.031,0.044,0.012,0.039,0.032,0.03,0.046,0.02,0.022,0.031,0.031,0.033,0.059,0.051,0.05,0.05,0.052,0.049,0.05,0.05,0.051,0.05

>n345802
0.028,0.022,0.031,0.02,0.027,0.027,0.022,0.038,0.031,0.034,0.033,0.024,0.016,0.03,0.037,0.026,0.069,0.054,0.054,0.056,0.054,0.053,0.053,0.055,0.052,0.055

>n345807
0.022,0.019,0.037,0.01,0.03,0.038,0.026,0.029,0.03,0.044,0.042,0.02,0.006,0.022,0.031,0.012,0.071,0.057,0.055,0.059,0.056,0.056,0.058,0.055,0.058,0.056

>n345813
0.053,0.033,0.034,0.029,0.04,0.038,0.009,0.033,0.045,0.022,0.04,0.021,0.012,0.024,0.047,0.019,0.054,0.058,0.047,0.047,0.05,0.049,0.052,0.05,0.044,0.052

>n345823
0.054,0.026,0.037,0.046,0.037,0.022,0.004,0.031,0.033,0.02,0.024,0.027,0.04,0.026,0.038,0.052,0.058,0.048,0.048,0.047,0.047,0.047,0.047,0.048,0.046,0.048

>n345831
0.025,0.023,0.043,0.027,0.045,0.029,0.004,0.043,0.034,0.044,0.036,0.023,0.014,0.025,0.054,0.019,0.061,0.054,0.049,0.052,0.049,0.05,0.049,0.05,0.05,0.048

>n345832
0.039,0.021,0.036,0.03,0.036,0.025,0.01,0.035,0.031,0.028,0.036,0.026,0.021,0.032,0.039,0.042,0.059,0.052,0.048,0.051,0.051,0.052,0.049,0.049,0.05,0.051

>n345839
0.015,0.019,0.03,0.019,0.035,0.033,0.014,0.034,0.021,0.034,0.031,0.037,0.012,0.03,0.048,0.052,0.065,0.055,0.05,0.054,0.053,0.053,0.05,0.055,0.054,0.048

>n345847
0.043,0.029,0.034,0.037,0.042,0.034,0.006,0.035,0.029,0.026,0.026,0.025,0.028,0.029,0.04,0.039,0.058,0.05,0.048,0.048,0.05,0.047,0.049,0.05,0.047,0.049

>n345850
0.067,0.026,0.034,0.047,0.036,0.017,0.005,0.032,0.031,0.02,0.018,0.024,0.04,0.026,0.036,0.06,0.058,0.047,0.046,0.049,0.047,0.047,0.046,0.049,0.047,0.046

>n345852
0.018,0.027,0.037,0.014,0.041,0.052,0.012,0.043,0.027,0.037,0.046,0.021,0.011,0.032,0.036,0.016,0.063,0.054,0.052,0.052,0.053,0.049,0.052,0.051,0.051,0.054

>n345856
0.026,0.021,0.042,0.021,0.034,0.031,0.01,0.036,0.035,0.032,0.046,0.027,0.015,0.027,0.042,0.031,0.061,0.053,0.051,0.052,0.051,0.051,0.05,0.052,0.051,0.052

>n345861
0.028,0.03,0.041,0.039,0.037,0.011,0.013,0.03,0.056,0.019,0.037,0.022,0.017,0.03,0.045,0.03,0.058,0.056,0.048,0.053,0.05,0.046,0.058,0.05,0.046,0.049

>n345873
0.017,0.02,0.035,0.021,0.031,0.037,0.017,0.031,0.03,0.03,0.042,0.031,0.014,0.029,0.04,0.031,0.064,0.056,0.054,0.051,0.055,0.052,0.054,0.055,0.051,0.055

>n345879
0.027,0.025,0.031,0.031,0.034,0.032,0.012,0.036,0.028,0.026,0.035,0.028,0.026,0.031,0.039,0.035,0.063,0.05,0.05,0.053,0.051,0.05,0.052,0.053,0.049,0.053

