Data type: RNA sequences
Mode: PC-PseDNC-General
Physicochemical properties: ['Rise (RNA)', 'Tilt (RNA)', 'Twist (RNA)', 'Slide (RNA)', 'Shift (RNA)', 'Roll (RNA)']
Lambda: 10
W: 0.05

>n408890
0.034,0.024,0.041,0.023,0.037,0.033,0.01,0.033,0.035,0.029,0.046,0.025,0.016,0.026,0.039,0.03,0.06,0.052,0.051,0.052,0.051,0.05,0.05,0.053,0.05,0.051

>n408895
0.06,0.025,0.044,0.032,0.043,0.028,0.007,0.029,0.037,0.027,0.025,0.027,0.022,0.026,0.039,0.03,0.059,0.05,0.048,0.049,0.049,0.048,0.049,0.049,0.048,0.049

>n409083
0.059,0.026,0.034,0.049,0.034,0.017,0.002,0.031,0.031,0.016,0.019,0.03,0.045,0.025,0.04,0.068,0.056,0.046,0.046,0.048,0.046,0.046,0.046,0.047,0.045,0.046

>n409084
0.04,0.027,0.037,0.028,0.042,0.031,0.005,0.039,0.031,0.031,0.039,0.023,0.02,0.029,0.041,0.033,0.059,0.051,0.05,0.051,0.048,0.048,0.05,0.05,0.049,0.049

>n409115
0.015,0.018,0.033,0.015,0.031,0.054,0.011,0.046,0.026,0.038,0.052,0.025,0.008,0.033,0.044,0.022,0.06,0.055,0.051,0.053,0.05,0.05,0.055,0.051,0.052,0.052

>n409143
0.048,0.019,0.039,0.029,0.033,0.028,0.01,0.035,0.031,0.025,0.029,0.027,0.022,0.034,0.035,0.052,0.059,0.049,0.049,0.05,0.05,0.048,0.049,0.05,0.049,0.05

>n409149
0.063,0.023,0.037,0.04,0.028,0.017,0.009,0.028,0.035,0.02,0.025,0.026,0.037,0.022,0.034,0.055,0.059,0.05,0.048,0.049,0.049,0.048,0.048,0.05,0.048,0.05

>n409152
0.049,0.023,0.036,0.039,0.033,0.024,0.005,0.035,0.032,0.022,0.027,0.027,0.034,0.027,0.04,0.059,0.057,0.049,0.048,0.049,0.048,0.047,0.049,0.047,0.048,0.047

>n409156
0.022,0.021,0.037,0.023,0.035,0.046,0.009,0.045,0.024,0.034,0.031,0.027,0.021,0.034,0.04,0.041,0.061,0.052,0.047,0.052,0.05,0.047,0.052,0.05,0.05,0.049

>n409159
0.046,0.024,0.038,0.035,0.032,0.025,0.009,0.032,0.039,0.025,0.029,0.026,0.026,0.024,0.044,0.041,0.06,0.051,0.049,0.05,0.05,0.048,0.05,0.05,0.048,0.05

>n409170
0.016,0.017,0.032,0.014,0.03,0.042,0.021,0.038,0.026,0.046,0.04,0.021,0.008,0.027,0.039,0.018,0.069,0.057,0.056,0.055,0.053,0.054,0.056,0.054,0.056,0.054

>n409172
0.042,0.026,0.033,0.037,0.035,0.03,0.008,0.04,0.029,0.022,0.024,0.026,0.032,0.034,0.038,0.051,0.059,0.049,0.05,0.047,0.05,0.047,0.05,0.047,0.048,0.047

>n409179
0.027,0.026,0.031,0.023,0.039,0.039,0.014,0.034,0.024,0.031,0.035,0.028,0.017,0.029,0.039,0.031,0.064,0.052,0.054,0.052,0.052,0.052,0.052,0.053,0.052,0.051

>n409180
0.049,0.032,0.028,0.043,0.038,0.026,0.006,0.041,0.035,0.016,0.022,0.026,0.029,0.039,0.043,0.045,0.058,0.046,0.048,0.047,0.048,0.047,0.046,0.048,0.046,0.049

>n409183
0.036,0.022,0.036,0.037,0.035,0.025,0.008,0.037,0.032,0.028,0.026,0.027,0.028,0.03,0.043,0.05,0.06,0.05,0.048,0.051,0.049,0.047,0.05,0.049,0.049,0.048

>n409190
0.041,0.024,0.046,0.031,0.038,0.026,0.008,0.031,0.039,0.028,0.032,0.026,0.024,0.025,0.04,0.038,0.059,0.051,0.049,0.05,0.05,0.048,0.05,0.049,0.049,0.049

>n409235
0.023,0.019,0.042,0.017,0.034,0.043,0.016,0.036,0.035,0.04,0.041,0.022,0.009,0.027,0.039,0.019,0.064,0.056,0.05,0.054,0.053,0.052,0.052,0.054,0.051,0.054

>n409250
0.049,0.026,0.037,0.039,0.033,0.022,0.008,0.034,0.033,0.022,0.025,0.026,0.036,0.027,0.036,0.052,0.059,0.049,0.048,0.049,0.049,0.047,0.049,0.049,0.048,0.046

>n409256
0.054,0.027,0.039,0.039,0.035,0.031,0.007,0.031,0.037,0.015,0.022,0.03,0.033,0.029,0.037,0.052,0.057,0.049,0.045,0.048,0.049,0.045,0.048,0.048,0.046,0.048

>n409275
0.025,0.021,0.04,0.027,0.034,0.026,0.011,0.033,0.032,0.026,0.036,0.033,0.022,0.031,0.04,0.038,0.063,0.051,0.05,0.053,0.052,0.049,0.053,0.051,0.049,0.053

>n409282
0.028,0.021,0.036,0.027,0.031,0.03,0.012,0.036,0.029,0.027,0.031,0.033,0.024,0.031,0.042,0.041,0.063,0.051,0.049,0.053,0.052,0.049,0.052,0.051,0.048,0.052

>n409291
0.022,0.022,0.03,0.018,0.032,0.049,0.022,0.032,0.023,0.039,0.036,0.024,0.016,0.026,0.033,0.021,0.068,0.054,0.058,0.052,0.054,0.054,0.053,0.058,0.052,0.054

>n409305
0.051,0.028,0.032,0.044,0.039,0.02,0.005,0.029,0.03,0.021,0.023,0.029,0.035,0.024,0.043,0.061,0.058,0.048,0.048,0.049,0.049,0.045,0.049,0.049,0.048,0.047

>n409320
0.033,0.026,0.031,0.028,0.034,0.028,0.014,0.033,0.03,0.031,0.034,0.024,0.021,0.024,0.04,0.04,0.064,0.055,0.05,0.053,0.052,0.05,0.053,0.051,0.052,0.052

>n409334
0.031,0.019,0.04,0.02,0.027,0.036,0.014,0.037,0.032,0.029,0.045,0.025,0.021,0.029,0.032,0.035,0.061,0.053,0.052,0.052,0.052,0.051,0.051,0.051,0.052,0.052

>n409359
0.031,0.023,0.031,0.037,0.03,0.023,0.008,0.039,0.028,0.025,0.025,0.031,0.033,0.028,0.045,0.053,0.061,0.051,0.049,0.052,0.048,0.049,0.051,0.049,0.05,0.049

>n409368
0.011,0.02,0.034,0.008,0.031,0.048,0.024,0.036,0.027,0.047,0.046,0.02,0.004,0.023,0.036,0.01,0.069,0.059,0.054,0.058,0.054,0.057,0.057,0.056,0.055,0.058

>n409402
0.042,0.026,0.043,0.033,0.046,0.024,0.012,0.023,0.041,0.032,0.03,0.019,0.015,0.023,0.037,0.037,0.061,0.054,0.051,0.048,0.052,0.048,0.051,0.048,0.052,0.051

>n409406
0.061,0.023,0.039,0.032,0.035,0.026,0.009,0.033,0.034,0.025,0.03,0.025,0.026,0.028,0.036,0.037,0.059,0.05,0.049,0.05,0.049,0.048,0.049,0.05,0.049,0.048

>n409438
0.03,0.031,0.033,0.028,0.045,0.049,0.014,0.034,0.029,0.028,0.03,0.019,0.019,0.035,0.028,0.028,0.062,0.054,0.05,0.052,0.049,0.049,0.051,0.051,0.049,0.052

>n409442
0.041,0.029,0.038,0.019,0.038,0.035,0.015,0.034,0.033,0.032,0.037,0.021,0.016,0.026,0.032,0.023,0.065,0.053,0.051,0.052,0.055,0.05,0.052,0.052,0.051,0.051

>n409499
0.047,0.026,0.039,0.031,0.04,0.03,0.01,0.031,0.033,0.029,0.032,0.022,0.023,0.026,0.035,0.034,0.06,0.052,0.049,0.051,0.05,0.049,0.051,0.049,0.05,0.049

>n409519
0.027,0.022,0.03,0.016,0.028,0.042,0.025,0.029,0.025,0.034,0.034,0.024,0.016,0.026,0.028,0.028,0.068,0.055,0.056,0.056,0.056,0.055,0.055,0.055,0.054,0.056

>n409529
0.051,0.025,0.037,0.038,0.034,0.02,0.007,0.035,0.035,0.02,0.026,0.026,0.031,0.03,0.037,0.054,0.058,0.05,0.047,0.049,0.047,0.049,0.048,0.049,0.047,0.049

>n409540
0.038,0.024,0.04,0.032,0.037,0.029,0.01,0.031,0.035,0.027,0.033,0.028,0.024,0.027,0.04,0.033,0.061,0.051,0.049,0.051,0.05,0.048,0.052,0.05,0.052,0.049

>n409548
0.046,0.026,0.048,0.029,0.039,0.025,0.008,0.032,0.04,0.027,0.029,0.025,0.023,0.026,0.037,0.039,0.059,0.05,0.049,0.049,0.05,0.048,0.049,0.05,0.048,0.049

>n409559
0.023,0.028,0.04,0.018,0.041,0.057,0.013,0.043,0.035,0.033,0.036,0.018,0.01,0.037,0.032,0.021,0.06,0.052,0.049,0.052,0.051,0.05,0.05,0.052,0.049,0.05

>n409618
0.032,0.022,0.041,0.029,0.053,0.044,0.018,0.017,0.023,0.042,0.029,0.02,0.015,0.024,0.027,0.017,0.07,0.05,0.056,0.052,0.055,0.051,0.053,0.05,0.056,0.053

>n409625
0.046,0.021,0.034,0.033,0.027,0.024,0.013,0.03,0.03,0.024,0.024,0.029,0.032,0.025,0.035,0.056,0.062,0.052,0.05,0.051,0.051,0.048,0.052,0.051,0.048,0.051

>n409636
0.076,0.025,0.045,0.042,0.041,0.018,0.006,0.03,0.04,0.022,0.014,0.026,0.031,0.03,0.036,0.046,0.056,0.047,0.045,0.05,0.045,0.046,0.047,0.044,0.047,0.045

>n409638
0.06,0.029,0.041,0.042,0.042,0.024,0.004,0.033,0.034,0.021,0.025,0.024,0.035,0.029,0.035,0.042,0.057,0.047,0.048,0.047,0.048,0.046,0.048,0.047,0.047,0.047

>n409649
0.051,0.023,0.038,0.039,0.028,0.02,0.012,0.025,0.035,0.019,0.025,0.031,0.037,0.023,0.035,0.044,0.062,0.052,0.05,0.05,0.05,0.05,0.049,0.051,0.049,0.051

>n409672
0.037,0.023,0.034,0.039,0.034,0.029,0.008,0.036,0.031,0.024,0.026,0.027,0.031,0.031,0.04,0.055,0.059,0.049,0.049,0.049,0.048,0.048,0.049,0.049,0.049,0.047

>n409673
0.034,0.024,0.038,0.029,0.039,0.042,0.007,0.042,0.032,0.027,0.033,0.023,0.02,0.037,0.038,0.037,0.057,0.05,0.048,0.05,0.048,0.049,0.049,0.05,0.047,0.05

>n409674
0.055,0.026,0.036,0.035,0.036,0.021,0.011,0.028,0.035,0.024,0.028,0.023,0.026,0.025,0.034,0.047,0.06,0.051,0.049,0.051,0.05,0.049,0.051,0.05,0.049,0.05

>n409683
0.053,0.024,0.034,0.043,0.037,0.023,0.007,0.033,0.03,0.023,0.017,0.027,0.035,0.029,0.04,0.058,0.058,0.049,0.046,0.05,0.049,0.045,0.048,0.048,0.047,0.048

>n409684
0.038,0.024,0.033,0.023,0.032,0.037,0.019,0.034,0.032,0.032,0.032,0.02,0.016,0.029,0.031,0.027,0.064,0.055,0.051,0.055,0.053,0.052,0.052,0.053,0.051,0.053

>n409707
0.041,0.027,0.037,0.034,0.038,0.028,0.006,0.038,0.032,0.026,0.032,0.023,0.028,0.03,0.037,0.047,0.058,0.049,0.049,0.048,0.048,0.047,0.05,0.049,0.048,0.05

>n409709
0.042,0.021,0.032,0.037,0.033,0.026,0.008,0.035,0.028,0.026,0.031,0.027,0.028,0.029,0.041,0.06,0.058,0.05,0.048,0.05,0.05,0.046,0.051,0.049,0.048,0.049

>n409726
0.022,0.015,0.023,0.021,0.022,0.031,0.026,0.032,0.017,0.032,0.03,0.028,0.021,0.033,0.027,0.053,0.069,0.057,0.052,0.059,0.055,0.052,0.057,0.054,0.052,0.058

>n409756
0.03,0.024,0.034,0.025,0.036,0.034,0.013,0.037,0.03,0.03,0.041,0.022,0.016,0.033,0.035,0.033,0.062,0.051,0.051,0.052,0.051,0.05,0.053,0.051,0.052,0.053

>n410005
0.032,0.025,0.037,0.025,0.037,0.031,0.014,0.035,0.036,0.033,0.031,0.023,0.014,0.027,0.041,0.03,0.063,0.054,0.051,0.051,0.053,0.051,0.052,0.052,0.05,0.051

>n410019
0.012,0.024,0.027,0.012,0.033,0.047,0.026,0.034,0.023,0.043,0.04,0.021,0.007,0.026,0.034,0.01,0.072,0.059,0.054,0.058,0.058,0.054,0.057,0.056,0.056,0.057

>n410026
0.032,0.023,0.042,0.01,0.034,0.051,0.02,0.034,0.038,0.035,0.037,0.02,0.004,0.029,0.031,0.015,0.063,0.055,0.052,0.055,0.054,0.054,0.051,0.052,0.054,0.054

>n410038
0.022,0.027,0.032,0.015,0.033,0.056,0.014,0.044,0.027,0.034,0.041,0.02,0.013,0.03,0.035,0.029,0.062,0.053,0.053,0.052,0.053,0.049,0.054,0.05,0.052,0.051

>n410042
0.013,0.022,0.028,0.009,0.028,0.062,0.021,0.044,0.025,0.036,0.046,0.023,0.006,0.036,0.035,0.014,0.064,0.056,0.053,0.056,0.054,0.054,0.054,0.054,0.054,0.052

>n410063
0.05,0.027,0.031,0.032,0.035,0.038,0.011,0.04,0.024,0.028,0.021,0.02,0.032,0.031,0.03,0.049,0.061,0.048,0.049,0.049,0.049,0.05,0.049,0.05,0.048,0.049

>n410066
0.02,0.015,0.033,0.016,0.023,0.044,0.022,0.037,0.03,0.037,0.037,0.026,0.011,0.03,0.038,0.024,0.066,0.056,0.056,0.054,0.054,0.053,0.054,0.053,0.055,0.054

>n410068
0.035,0.031,0.036,0.029,0.049,0.031,0.006,0.032,0.034,0.027,0.033,0.025,0.013,0.03,0.043,0.038,0.06,0.051,0.049,0.049,0.052,0.047,0.051,0.051,0.046,0.05

>n410070
0.047,0.028,0.035,0.034,0.039,0.032,0.01,0.034,0.029,0.025,0.033,0.023,0.028,0.03,0.032,0.028,0.062,0.051,0.049,0.053,0.049,0.048,0.052,0.049,0.051,0.049

>n410072
0.027,0.022,0.034,0.01,0.029,0.05,0.021,0.032,0.028,0.037,0.047,0.022,0.01,0.023,0.031,0.019,0.066,0.057,0.055,0.055,0.055,0.052,0.055,0.055,0.054,0.055

>n410076
0.016,0.021,0.033,0.017,0.033,0.047,0.01,0.042,0.026,0.036,0.046,0.026,0.012,0.028,0.046,0.04,0.059,0.054,0.053,0.05,0.049,0.05,0.052,0.053,0.051,0.051

>n410080
0.017,0.021,0.026,0.009,0.023,0.047,0.031,0.033,0.026,0.039,0.034,0.023,0.008,0.026,0.031,0.018,0.073,0.058,0.06,0.059,0.055,0.055,0.061,0.055,0.058,0.054

>n410105
0.02,0.022,0.035,0.019,0.033,0.044,0.016,0.039,0.027,0.038,0.031,0.023,0.016,0.03,0.036,0.039,0.063,0.054,0.051,0.053,0.051,0.049,0.054,0.051,0.053,0.052

>n410108
0.036,0.017,0.035,0.024,0.018,0.025,0.018,0.031,0.035,0.028,0.044,0.025,0.024,0.022,0.034,0.038,0.062,0.057,0.052,0.053,0.054,0.052,0.054,0.053,0.055,0.053

>n410128
0.022,0.026,0.036,0.016,0.04,0.049,0.012,0.04,0.028,0.035,0.042,0.024,0.01,0.031,0.039,0.021,0.062,0.055,0.05,0.053,0.053,0.05,0.052,0.052,0.052,0.051

>n410131
0.018,0.02,0.04,0.014,0.036,0.037,0.018,0.033,0.031,0.042,0.039,0.024,0.008,0.026,0.038,0.021,0.068,0.054,0.055,0.054,0.056,0.052,0.054,0.055,0.052,0.054

>n410143
0.042,0.023,0.031,0.042,0.032,0.026,0.008,0.034,0.028,0.02,0.025,0.03,0.036,0.032,0.038,0.057,0.059,0.048,0.049,0.048,0.049,0.048,0.048,0.048,0.048,0.048

>n410149
0.05,0.024,0.036,0.035,0.034,0.022,0.009,0.029,0.029,0.022,0.025,0.03,0.032,0.027,0.036,0.056,0.059,0.052,0.048,0.05,0.049,0.049,0.049,0.049,0.049,0.049

>n410152
0.057,0.028,0.038,0.031,0.032,0.023,0.006,0.036,0.034,0.021,0.025,0.03,0.03,0.025,0.041,0.048,0.057,0.052,0.046,0.05,0.048,0.047,0.048,0.048,0.049,0.049

>n410153
0.024,0.02,0.046,0.016,0.04,0.06,0.011,0.039,0.031,0.04,0.039,0.02,0.011,0.03,0.034,0.025,0.059,0.053,0.051,0.051,0.052,0.048,0.049,0.05,0.05,0.051

>n410161
0.043,0.026,0.04,0.035,0.04,0.024,0.006,0.03,0.036,0.025,0.034,0.028,0.025,0.025,0.043,0.033,0.06,0.051,0.048,0.05,0.051,0.047,0.051,0.051,0.046,0.052

>n410167
0.062,0.027,0.04,0.042,0.036,0.017,0.005,0.032,0.039,0.019,0.022,0.026,0.033,0.028,0.039,0.049,0.057,0.049,0.047,0.048,0.048,0.047,0.047,0.047,0.047,0.047

>n410170
0.039,0.024,0.042,0.027,0.038,0.029,0.012,0.031,0.04,0.03,0.034,0.024,0.015,0.028,0.04,0.027,0.062,0.051,0.052,0.052,0.053,0.048,0.052,0.051,0.05,0.05

>n410188
0.024,0.024,0.046,0.025,0.049,0.041,0.014,0.028,0.034,0.038,0.03,0.021,0.013,0.029,0.032,0.025,0.063,0.056,0.05,0.051,0.051,0.05,0.053,0.051,0.051,0.051

>n410189
0.06,0.036,0.043,0.033,0.04,0.022,0.007,0.034,0.051,0.019,0.028,0.02,0.02,0.026,0.04,0.031,0.055,0.051,0.047,0.048,0.048,0.048,0.047,0.046,0.049,0.048

>n410191
0.042,0.025,0.052,0.033,0.039,0.029,0.007,0.031,0.054,0.025,0.032,0.023,0.016,0.029,0.043,0.027,0.058,0.051,0.045,0.05,0.049,0.046,0.049,0.048,0.047,0.05

>n410194
0.072,0.029,0.051,0.032,0.034,0.014,0.005,0.041,0.051,0.026,0.015,0.02,0.027,0.026,0.041,0.036,0.056,0.049,0.048,0.047,0.046,0.047,0.046,0.05,0.043,0.048

>n410199
0.065,0.024,0.042,0.036,0.033,0.025,0.007,0.029,0.045,0.024,0.035,0.023,0.025,0.02,0.042,0.028,0.057,0.051,0.047,0.051,0.049,0.049,0.05,0.048,0.048,0.049

>n410203
0.031,0.025,0.043,0.02,0.037,0.041,0.01,0.035,0.04,0.032,0.044,0.023,0.012,0.025,0.041,0.023,0.059,0.052,0.052,0.052,0.052,0.048,0.051,0.051,0.051,0.05

>n410249
0.037,0.029,0.031,0.049,0.037,0.023,0.005,0.033,0.026,0.017,0.017,0.031,0.045,0.029,0.038,0.069,0.059,0.046,0.049,0.046,0.05,0.046,0.049,0.046,0.048,0.046

>n410453
0.019,0.02,0.034,0.011,0.045,0.068,0.012,0.059,0.01,0.048,0.03,0.015,0.01,0.048,0.028,0.027,0.06,0.056,0.05,0.048,0.051,0.049,0.051,0.052,0.051,0.048

>n410456
0.058,0.028,0.045,0.029,0.037,0.023,0.008,0.036,0.046,0.028,0.025,0.021,0.018,0.025,0.043,0.029,0.058,0.05,0.048,0.05,0.049,0.048,0.05,0.047,0.05,0.049

>n410457
0.043,0.02,0.026,0.036,0.021,0.022,0.019,0.021,0.031,0.025,0.034,0.024,0.03,0.016,0.035,0.059,0.064,0.055,0.053,0.054,0.053,0.051,0.052,0.052,0.05,0.055

>n410462
0.05,0.022,0.044,0.038,0.033,0.023,0.012,0.021,0.04,0.026,0.027,0.024,0.031,0.019,0.033,0.045,0.061,0.052,0.049,0.052,0.048,0.05,0.05,0.05,0.05,0.05

>n410487
0.034,0.024,0.04,0.026,0.032,0.03,0.017,0.035,0.036,0.032,0.025,0.021,0.021,0.028,0.033,0.04,0.066,0.052,0.049,0.055,0.052,0.051,0.05,0.049,0.055,0.049

>n410488
0.03,0.024,0.031,0.027,0.034,0.029,0.019,0.029,0.03,0.036,0.035,0.019,0.018,0.023,0.034,0.029,0.067,0.057,0.052,0.054,0.053,0.053,0.055,0.052,0.057,0.052

>n410523
0.052,0.023,0.045,0.033,0.033,0.022,0.005,0.032,0.039,0.022,0.031,0.029,0.03,0.024,0.04,0.045,0.057,0.049,0.048,0.048,0.048,0.048,0.049,0.047,0.049,0.048

>n410547
0.036,0.025,0.037,0.029,0.035,0.035,0.006,0.041,0.033,0.027,0.033,0.024,0.023,0.03,0.042,0.046,0.057,0.051,0.048,0.048,0.049,0.048,0.049,0.049,0.047,0.049

>n410565
0.047,0.025,0.038,0.034,0.035,0.022,0.01,0.033,0.036,0.025,0.027,0.024,0.026,0.028,0.038,0.045,0.059,0.051,0.049,0.051,0.05,0.049,0.051,0.049,0.049,0.05

>n410630
0.02,0.023,0.019,0.015,0.029,0.046,0.022,0.044,0.016,0.043,0.039,0.018,0.012,0.029,0.036,0.026,0.07,0.055,0.054,0.055,0.058,0.05,0.056,0.057,0.054,0.055

>n410638
0.065,0.025,0.033,0.042,0.036,0.022,0.005,0.033,0.026,0.021,0.022,0.027,0.038,0.028,0.036,0.063,0.057,0.048,0.047,0.048,0.047,0.046,0.048,0.046,0.048,0.047

>n410671
0.032,0.03,0.047,0.025,0.049,0.051,0.009,0.035,0.039,0.027,0.037,0.019,0.015,0.036,0.027,0.021,0.058,0.053,0.045,0.051,0.051,0.046,0.049,0.05,0.045,0.053

>n410678
0.026,0.023,0.032,0.021,0.032,0.04,0.018,0.037,0.029,0.034,0.037,0.021,0.016,0.03,0.033,0.031,0.064,0.055,0.051,0.054,0.053,0.05,0.054,0.053,0.052,0.053

>n410722
0.043,0.028,0.037,0.036,0.031,0.028,0.008,0.036,0.033,0.021,0.023,0.028,0.037,0.027,0.037,0.047,0.061,0.05,0.046,0.05,0.05,0.047,0.05,0.047,0.048,0.048

>n410787
0.058,0.027,0.038,0.04,0.034,0.022,0.004,0.036,0.034,0.019,0.021,0.027,0.038,0.029,0.036,0.058,0.056,0.049,0.047,0.048,0.046,0.047,0.048,0.047,0.046,0.047

>n410799
0.037,0.025,0.04,0.03,0.038,0.028,0.007,0.035,0.033,0.025,0.033,0.03,0.024,0.03,0.041,0.041,0.06,0.05,0.049,0.05,0.049,0.049,0.049,0.05,0.049,0.049

>n410806
0.037,0.026,0.035,0.036,0.04,0.031,0.007,0.037,0.03,0.024,0.026,0.028,0.026,0.034,0.041,0.047,0.06,0.048,0.05,0.048,0.051,0.047,0.05,0.046,0.049,0.048

>n410885
0.054,0.023,0.034,0.052,0.034,0.019,0.004,0.034,0.03,0.018,0.02,0.025,0.044,0.031,0.035,0.066,0.056,0.046,0.048,0.046,0.047,0.046,0.047,0.047,0.046,0.046

>n410904
0.045,0.018,0.031,0.021,0.024,0.038,0.022,0.029,0.03,0.037,0.032,0.019,0.016,0.019,0.034,0.036,0.066,0.055,0.051,0.056,0.054,0.051,0.054,0.053,0.052,0.056

>n411020
0.048,0.024,0.042,0.035,0.036,0.024,0.008,0.032,0.037,0.025,0.028,0.025,0.028,0.027,0.037,0.043,0.059,0.05,0.049,0.049,0.049,0.048,0.05,0.049,0.048,0.049

>n411064
0.033,0.022,0.032,0.041,0.04,0.026,0.004,0.035,0.026,0.024,0.026,0.03,0.029,0.034,0.043,0.069,0.056,0.049,0.047,0.048,0.047,0.046,0.049,0.048,0.047,0.047

>n411118
0.033,0.014,0.029,0.017,0.021,0.036,0.021,0.031,0.027,0.033,0.049,0.024,0.013,0.026,0.034,0.033,0.064,0.059,0.051,0.054,0.056,0.055,0.054,0.055,0.055,0.054

>n411142
0.039,0.027,0.032,0.037,0.037,0.032,0.004,0.043,0.024,0.022,0.022,0.03,0.034,0.036,0.04,0.057,0.058,0.048,0.047,0.047,0.048,0.046,0.048,0.047,0.047,0.047

>n411511
0.054,0.023,0.036,0.04,0.032,0.026,0.007,0.031,0.029,0.021,0.027,0.028,0.038,0.026,0.035,0.051,0.058,0.049,0.049,0.048,0.049,0.048,0.048,0.049,0.049,0.049

>n411528
0.044,0.024,0.038,0.031,0.035,0.032,0.013,0.036,0.029,0.027,0.025,0.023,0.03,0.032,0.029,0.043,0.06,0.051,0.05,0.052,0.048,0.05,0.05,0.051,0.049,0.05

>n411550
0.031,0.028,0.037,0.02,0.04,0.039,0.008,0.043,0.03,0.031,0.039,0.023,0.015,0.032,0.038,0.033,0.06,0.052,0.05,0.051,0.051,0.048,0.051,0.051,0.049,0.05

>n411552
0.031,0.023,0.035,0.029,0.033,0.031,0.012,0.035,0.03,0.027,0.035,0.028,0.024,0.03,0.038,0.036,0.062,0.051,0.051,0.052,0.051,0.051,0.051,0.051,0.051,0.051

>n411556
0.042,0.023,0.044,0.032,0.035,0.023,0.014,0.025,0.042,0.025,0.037,0.023,0.023,0.026,0.032,0.029,0.062,0.051,0.053,0.052,0.053,0.051,0.051,0.05,0.052,0.05

>n411578
0.044,0.028,0.041,0.025,0.036,0.033,0.01,0.033,0.036,0.026,0.038,0.024,0.022,0.025,0.035,0.024,0.061,0.052,0.051,0.051,0.051,0.049,0.052,0.051,0.05,0.05

>n411597
0.037,0.023,0.027,0.033,0.031,0.037,0.009,0.041,0.026,0.024,0.03,0.027,0.027,0.033,0.041,0.056,0.059,0.05,0.05,0.048,0.048,0.048,0.049,0.048,0.05,0.048

>n411615
0.015,0.022,0.03,0.014,0.03,0.048,0.026,0.031,0.024,0.04,0.034,0.023,0.012,0.025,0.03,0.021,0.073,0.054,0.057,0.056,0.056,0.056,0.054,0.058,0.055,0.056

>n411622
0.015,0.018,0.031,0.012,0.029,0.046,0.021,0.04,0.022,0.039,0.043,0.025,0.01,0.033,0.034,0.021,0.068,0.055,0.055,0.056,0.054,0.054,0.056,0.054,0.054,0.054

>n411623
0.031,0.026,0.038,0.022,0.035,0.03,0.012,0.032,0.031,0.026,0.035,0.029,0.02,0.028,0.036,0.048,0.062,0.05,0.052,0.051,0.051,0.05,0.053,0.05,0.051,0.051

>n411666
0.015,0.019,0.041,0.013,0.031,0.042,0.023,0.029,0.036,0.045,0.045,0.019,0.006,0.018,0.036,0.01,0.068,0.057,0.055,0.057,0.057,0.053,0.057,0.055,0.056,0.055

>n411678
0.022,0.029,0.03,0.016,0.034,0.032,0.017,0.037,0.031,0.031,0.035,0.028,0.012,0.028,0.041,0.029,0.068,0.054,0.054,0.053,0.056,0.052,0.053,0.053,0.053,0.053

>n411679
0.023,0.03,0.031,0.017,0.033,0.032,0.017,0.036,0.032,0.029,0.034,0.029,0.012,0.027,0.042,0.03,0.067,0.054,0.054,0.053,0.056,0.052,0.052,0.053,0.053,0.053

>n411680
0.023,0.029,0.032,0.016,0.033,0.032,0.018,0.035,0.032,0.03,0.034,0.028,0.012,0.028,0.04,0.029,0.068,0.054,0.053,0.053,0.055,0.052,0.053,0.054,0.052,0.054

>n411681
0.048,0.029,0.033,0.04,0.04,0.023,0.009,0.036,0.028,0.025,0.021,0.024,0.034,0.031,0.035,0.039,0.062,0.049,0.049,0.049,0.05,0.049,0.049,0.048,0.05,0.049

>n411694
0.051,0.021,0.041,0.033,0.033,0.017,0.011,0.03,0.037,0.028,0.025,0.026,0.025,0.025,0.039,0.044,0.061,0.053,0.049,0.051,0.052,0.047,0.051,0.05,0.047,0.052

>n411719
0.056,0.031,0.05,0.031,0.04,0.018,0.004,0.024,0.046,0.017,0.039,0.029,0.027,0.019,0.038,0.033,0.056,0.051,0.048,0.051,0.048,0.048,0.049,0.051,0.046,0.052

>n411720
0.044,0.023,0.037,0.025,0.032,0.021,0.018,0.029,0.037,0.03,0.031,0.023,0.017,0.025,0.035,0.034,0.064,0.054,0.052,0.054,0.054,0.049,0.055,0.051,0.052,0.052

>n411727
0.035,0.028,0.04,0.021,0.04,0.032,0.019,0.029,0.041,0.03,0.033,0.021,0.008,0.029,0.035,0.018,0.065,0.053,0.053,0.054,0.054,0.051,0.051,0.058,0.05,0.053

