Data type: RNA sequences
Mode: PC-PseDNC-General
Physicochemical properties: ['Rise (RNA)', 'Tilt (RNA)', 'Twist (RNA)', 'Slide (RNA)', 'Shift (RNA)', 'Roll (RNA)']
Lambda: 10
W: 0.05

>n386735
0.056,0.022,0.036,0.038,0.026,0.015,0.005,0.033,0.029,0.021,0.022,0.035,0.04,0.022,0.044,0.065,0.058,0.049,0.049,0.048,0.048,0.047,0.048,0.048,0.048,0.048

>n386737
0.029,0.026,0.036,0.016,0.035,0.041,0.016,0.033,0.032,0.036,0.049,0.018,0.011,0.022,0.034,0.018,0.063,0.055,0.054,0.055,0.053,0.052,0.054,0.055,0.052,0.055

>n386770
0.048,0.025,0.034,0.042,0.034,0.025,0.004,0.035,0.031,0.018,0.021,0.03,0.037,0.03,0.041,0.066,0.056,0.047,0.047,0.048,0.047,0.045,0.048,0.047,0.046,0.047

>n386815
0.027,0.02,0.067,0.008,0.042,0.038,0.013,0.033,0.047,0.043,0.05,0.015,0.006,0.025,0.025,0.013,0.062,0.054,0.049,0.056,0.051,0.054,0.047,0.051,0.054,0.052

>n386818
0.054,0.03,0.034,0.047,0.034,0.015,0.004,0.034,0.036,0.017,0.022,0.029,0.041,0.024,0.044,0.051,0.058,0.047,0.048,0.048,0.046,0.048,0.047,0.05,0.046,0.047

>n386856
0.031,0.023,0.039,0.028,0.035,0.032,0.006,0.039,0.032,0.029,0.039,0.028,0.022,0.028,0.044,0.038,0.06,0.052,0.048,0.05,0.05,0.048,0.05,0.049,0.051,0.049

>n386901
0.025,0.025,0.037,0.018,0.039,0.04,0.015,0.037,0.03,0.036,0.04,0.022,0.013,0.029,0.036,0.02,0.065,0.054,0.051,0.054,0.053,0.049,0.055,0.051,0.052,0.053

>n386957
0.028,0.022,0.037,0.024,0.033,0.035,0.015,0.033,0.033,0.037,0.034,0.024,0.016,0.023,0.041,0.026,0.065,0.053,0.053,0.054,0.053,0.052,0.052,0.052,0.051,0.053

>n386976
0.038,0.027,0.038,0.034,0.037,0.032,0.005,0.039,0.035,0.023,0.025,0.028,0.028,0.031,0.043,0.05,0.059,0.047,0.048,0.047,0.05,0.046,0.048,0.046,0.048,0.047

>n386977
0.037,0.025,0.031,0.021,0.029,0.035,0.018,0.031,0.028,0.03,0.038,0.023,0.02,0.022,0.033,0.033,0.064,0.055,0.052,0.054,0.053,0.054,0.053,0.054,0.052,0.053

>n387010
0.034,0.023,0.046,0.02,0.033,0.03,0.017,0.027,0.041,0.031,0.044,0.023,0.015,0.022,0.033,0.018,0.063,0.056,0.053,0.053,0.054,0.052,0.053,0.055,0.05,0.054

>n387016
0.03,0.022,0.031,0.027,0.036,0.047,0.006,0.047,0.021,0.025,0.031,0.03,0.023,0.042,0.04,0.052,0.057,0.048,0.048,0.049,0.047,0.049,0.046,0.047,0.049,0.049

>n387017
0.041,0.022,0.037,0.03,0.036,0.038,0.007,0.043,0.03,0.025,0.032,0.027,0.024,0.038,0.038,0.041,0.057,0.049,0.048,0.049,0.048,0.048,0.048,0.049,0.049,0.048

>n387024
0.037,0.022,0.036,0.03,0.039,0.04,0.006,0.042,0.027,0.025,0.031,0.029,0.022,0.041,0.04,0.042,0.057,0.048,0.048,0.05,0.047,0.048,0.048,0.049,0.049,0.047

>n387025
0.027,0.022,0.032,0.026,0.037,0.047,0.008,0.048,0.024,0.026,0.032,0.029,0.018,0.045,0.04,0.047,0.057,0.05,0.049,0.048,0.046,0.05,0.048,0.047,0.048,0.05

>n387026
0.033,0.023,0.031,0.026,0.028,0.031,0.022,0.031,0.031,0.031,0.032,0.02,0.022,0.026,0.029,0.036,0.066,0.055,0.053,0.054,0.054,0.052,0.054,0.053,0.051,0.054

>n387046
0.036,0.031,0.033,0.026,0.041,0.038,0.011,0.041,0.031,0.029,0.027,0.025,0.017,0.034,0.041,0.031,0.061,0.051,0.05,0.051,0.05,0.049,0.051,0.049,0.048,0.051

>n387048
0.037,0.018,0.031,0.026,0.029,0.027,0.021,0.025,0.026,0.034,0.032,0.027,0.021,0.024,0.034,0.036,0.068,0.055,0.055,0.053,0.054,0.056,0.052,0.055,0.054,0.052

>n387059
0.018,0.023,0.033,0.014,0.035,0.059,0.02,0.035,0.025,0.04,0.05,0.016,0.009,0.028,0.028,0.018,0.064,0.056,0.05,0.056,0.057,0.052,0.053,0.056,0.053,0.054

>n387060
0.016,0.021,0.028,0.011,0.029,0.055,0.021,0.03,0.024,0.039,0.055,0.021,0.008,0.019,0.035,0.024,0.065,0.057,0.055,0.057,0.056,0.054,0.056,0.055,0.056,0.054

>n387063
0.054,0.026,0.036,0.042,0.04,0.023,0.004,0.033,0.025,0.021,0.024,0.03,0.038,0.03,0.037,0.049,0.06,0.046,0.048,0.048,0.048,0.046,0.05,0.047,0.048,0.047

>n387106
0.035,0.022,0.03,0.031,0.033,0.038,0.012,0.037,0.029,0.028,0.032,0.025,0.021,0.032,0.04,0.043,0.06,0.051,0.051,0.051,0.05,0.05,0.05,0.051,0.05,0.05

>n387112
0.039,0.025,0.031,0.033,0.031,0.026,0.013,0.031,0.031,0.025,0.029,0.028,0.027,0.025,0.04,0.04,0.064,0.052,0.05,0.051,0.051,0.05,0.05,0.052,0.051,0.052

>n387116
0.033,0.027,0.041,0.023,0.044,0.038,0.007,0.035,0.029,0.03,0.032,0.027,0.019,0.029,0.038,0.038,0.059,0.051,0.049,0.051,0.049,0.049,0.051,0.049,0.05,0.05

>n387128
0.058,0.029,0.04,0.034,0.037,0.021,0.011,0.034,0.046,0.024,0.023,0.02,0.021,0.028,0.039,0.032,0.059,0.053,0.046,0.048,0.051,0.049,0.05,0.052,0.049,0.048

>n387140
0.044,0.023,0.042,0.038,0.036,0.02,0.012,0.026,0.037,0.027,0.03,0.021,0.031,0.024,0.03,0.043,0.061,0.05,0.051,0.051,0.053,0.047,0.052,0.052,0.048,0.052

>n387142
0.033,0.024,0.039,0.026,0.031,0.027,0.014,0.031,0.038,0.026,0.036,0.026,0.019,0.027,0.037,0.045,0.062,0.051,0.053,0.049,0.052,0.05,0.051,0.053,0.048,0.053

>n387178
0.058,0.029,0.04,0.028,0.041,0.023,0.012,0.033,0.04,0.03,0.031,0.017,0.016,0.027,0.036,0.027,0.061,0.05,0.051,0.051,0.051,0.049,0.052,0.049,0.05,0.049

>n387192
0.025,0.028,0.029,0.03,0.034,0.043,0.004,0.042,0.028,0.022,0.045,0.033,0.025,0.029,0.051,0.026,0.057,0.047,0.054,0.049,0.051,0.046,0.047,0.051,0.052,0.052

>n387210
0.033,0.025,0.029,0.019,0.029,0.042,0.021,0.03,0.031,0.03,0.04,0.026,0.011,0.026,0.036,0.024,0.065,0.056,0.055,0.055,0.051,0.056,0.053,0.053,0.053,0.053

>n387236
0.039,0.027,0.043,0.029,0.041,0.035,0.013,0.032,0.042,0.03,0.035,0.019,0.016,0.029,0.034,0.022,0.061,0.052,0.049,0.054,0.051,0.049,0.051,0.049,0.05,0.05

>n387265
0.027,0.026,0.035,0.023,0.033,0.038,0.013,0.044,0.033,0.033,0.031,0.024,0.017,0.032,0.043,0.026,0.063,0.053,0.05,0.051,0.051,0.05,0.052,0.05,0.05,0.051

>n387266
0.026,0.021,0.032,0.019,0.031,0.035,0.015,0.034,0.029,0.031,0.042,0.03,0.012,0.028,0.042,0.036,0.062,0.054,0.053,0.053,0.054,0.05,0.053,0.053,0.051,0.053

>n387280
0.052,0.028,0.034,0.035,0.04,0.033,0.009,0.032,0.031,0.026,0.02,0.022,0.026,0.027,0.036,0.052,0.059,0.051,0.048,0.048,0.049,0.047,0.05,0.049,0.048,0.049

>n387290
0.041,0.027,0.041,0.031,0.035,0.027,0.006,0.038,0.035,0.025,0.029,0.029,0.028,0.027,0.042,0.041,0.06,0.049,0.049,0.05,0.049,0.048,0.049,0.049,0.048,0.049

>n387292
0.025,0.019,0.042,0.031,0.034,0.036,0.007,0.045,0.036,0.03,0.027,0.028,0.022,0.037,0.045,0.049,0.059,0.048,0.048,0.047,0.049,0.047,0.047,0.048,0.049,0.047

>n387306
0.029,0.028,0.036,0.017,0.042,0.043,0.015,0.036,0.027,0.036,0.035,0.021,0.011,0.03,0.033,0.024,0.064,0.054,0.052,0.054,0.053,0.052,0.052,0.052,0.051,0.053

>n387313
0.047,0.027,0.033,0.027,0.034,0.031,0.016,0.031,0.035,0.025,0.028,0.026,0.018,0.029,0.038,0.03,0.061,0.053,0.049,0.054,0.052,0.051,0.053,0.05,0.051,0.053

>n387316
0.065,0.027,0.045,0.032,0.042,0.025,0.003,0.032,0.036,0.025,0.032,0.026,0.027,0.025,0.038,0.031,0.058,0.048,0.049,0.049,0.046,0.048,0.049,0.049,0.046,0.047

>n387393
0.042,0.022,0.037,0.037,0.028,0.019,0.01,0.028,0.031,0.022,0.031,0.033,0.037,0.022,0.04,0.046,0.062,0.05,0.051,0.05,0.051,0.051,0.05,0.051,0.05,0.051

>n387397
0.035,0.026,0.035,0.02,0.035,0.048,0.011,0.04,0.03,0.03,0.036,0.024,0.016,0.029,0.039,0.033,0.06,0.053,0.049,0.051,0.05,0.049,0.049,0.049,0.052,0.051

>n387402
0.028,0.024,0.028,0.033,0.034,0.025,0.009,0.036,0.025,0.02,0.037,0.033,0.025,0.034,0.042,0.06,0.057,0.055,0.047,0.052,0.05,0.048,0.05,0.051,0.047,0.052

>n387437
0.039,0.019,0.052,0.031,0.039,0.025,0.003,0.031,0.037,0.028,0.04,0.031,0.026,0.025,0.042,0.033,0.058,0.05,0.05,0.05,0.049,0.047,0.05,0.049,0.047,0.049

>n387439
0.077,0.036,0.045,0.045,0.045,0.021,0.002,0.03,0.047,0.016,0.023,0.017,0.034,0.024,0.032,0.037,0.053,0.047,0.045,0.046,0.046,0.046,0.046,0.045,0.046,0.047

>n387476
0.024,0.018,0.034,0.014,0.029,0.043,0.022,0.028,0.027,0.036,0.055,0.02,0.01,0.025,0.028,0.024,0.064,0.056,0.055,0.056,0.056,0.054,0.055,0.056,0.056,0.056

>n387531
0.025,0.02,0.031,0.014,0.027,0.042,0.025,0.028,0.025,0.038,0.045,0.02,0.012,0.023,0.027,0.026,0.068,0.057,0.055,0.057,0.057,0.054,0.056,0.057,0.056,0.056

>n387602
0.045,0.021,0.039,0.034,0.028,0.025,0.008,0.038,0.037,0.024,0.027,0.026,0.03,0.029,0.04,0.053,0.058,0.05,0.048,0.047,0.05,0.046,0.05,0.049,0.049,0.049

>n387614
0.055,0.021,0.037,0.027,0.035,0.022,0.011,0.024,0.033,0.022,0.037,0.036,0.017,0.027,0.043,0.034,0.061,0.053,0.05,0.051,0.052,0.049,0.052,0.05,0.047,0.054

>n387634
0.029,0.016,0.042,0.017,0.031,0.04,0.012,0.032,0.03,0.036,0.051,0.027,0.014,0.024,0.039,0.03,0.061,0.054,0.052,0.054,0.052,0.052,0.052,0.051,0.052,0.053

>n387641
0.046,0.022,0.044,0.032,0.038,0.039,0.008,0.038,0.038,0.035,0.026,0.02,0.022,0.027,0.04,0.025,0.06,0.051,0.048,0.047,0.051,0.047,0.05,0.047,0.049,0.049

>n387674
0.012,0.024,0.037,0.013,0.035,0.046,0.018,0.036,0.03,0.043,0.041,0.023,0.009,0.023,0.04,0.013,0.068,0.057,0.052,0.056,0.055,0.053,0.055,0.055,0.053,0.055

>n387706
0.023,0.029,0.028,0.013,0.038,0.065,0.024,0.031,0.022,0.038,0.024,0.021,0.01,0.027,0.028,0.019,0.068,0.054,0.053,0.056,0.055,0.053,0.057,0.057,0.052,0.054

>n387712
0.065,0.024,0.041,0.035,0.031,0.025,0.007,0.036,0.042,0.021,0.029,0.022,0.026,0.029,0.038,0.041,0.056,0.05,0.045,0.05,0.049,0.045,0.048,0.049,0.045,0.05

>n387718
0.049,0.02,0.034,0.029,0.034,0.024,0.009,0.029,0.03,0.028,0.027,0.034,0.019,0.024,0.05,0.046,0.061,0.055,0.043,0.052,0.051,0.049,0.051,0.051,0.047,0.052

>n387719
0.019,0.018,0.034,0.014,0.027,0.03,0.018,0.035,0.028,0.037,0.049,0.029,0.012,0.024,0.042,0.02,0.068,0.055,0.056,0.056,0.055,0.053,0.055,0.054,0.054,0.055

>n387722
0.036,0.046,0.021,0.036,0.047,0.051,0.013,0.046,0.016,0.025,0.015,0.01,0.04,0.036,0.017,0.035,0.063,0.052,0.049,0.049,0.051,0.049,0.05,0.05,0.049,0.049

>n387733
0.02,0.022,0.04,0.017,0.036,0.037,0.019,0.03,0.034,0.041,0.046,0.02,0.011,0.021,0.036,0.012,0.068,0.056,0.053,0.055,0.055,0.053,0.054,0.055,0.054,0.054

>n387748
0.038,0.022,0.04,0.029,0.035,0.029,0.01,0.034,0.034,0.027,0.03,0.029,0.02,0.031,0.041,0.038,0.061,0.051,0.05,0.051,0.051,0.048,0.051,0.049,0.049,0.051

>n405217
0.039,0.029,0.035,0.036,0.04,0.032,0.006,0.038,0.029,0.024,0.027,0.028,0.031,0.03,0.039,0.043,0.059,0.048,0.05,0.048,0.05,0.046,0.05,0.046,0.049,0.048

>n405255
0.02,0.037,0.03,0.018,0.042,0.058,0.019,0.035,0.033,0.033,0.035,0.015,0.011,0.025,0.033,0.012,0.063,0.057,0.049,0.056,0.057,0.049,0.054,0.055,0.05,0.054

>n405299
0.017,0.027,0.032,0.019,0.029,0.04,0.022,0.033,0.039,0.032,0.041,0.021,0.011,0.025,0.037,0.022,0.067,0.054,0.052,0.057,0.053,0.051,0.056,0.056,0.051,0.057

>n405311
0.042,0.025,0.037,0.027,0.042,0.035,0.011,0.036,0.031,0.024,0.029,0.027,0.016,0.039,0.035,0.038,0.06,0.052,0.048,0.05,0.05,0.049,0.051,0.05,0.048,0.049

>n405399
0.02,0.023,0.028,0.011,0.03,0.05,0.032,0.029,0.026,0.042,0.04,0.014,0.006,0.026,0.023,0.008,0.071,0.061,0.055,0.058,0.059,0.056,0.058,0.058,0.057,0.058

>n405416
0.044,0.026,0.03,0.036,0.031,0.024,0.016,0.027,0.039,0.022,0.025,0.026,0.022,0.026,0.041,0.043,0.063,0.052,0.051,0.051,0.052,0.05,0.052,0.052,0.048,0.053

>n405417
0.057,0.03,0.034,0.044,0.031,0.021,0.008,0.033,0.037,0.019,0.019,0.021,0.039,0.024,0.035,0.061,0.058,0.05,0.046,0.048,0.048,0.048,0.049,0.047,0.046,0.048

>n405438
0.057,0.029,0.054,0.025,0.046,0.022,0.008,0.024,0.041,0.024,0.027,0.029,0.021,0.025,0.033,0.023,0.06,0.052,0.047,0.053,0.05,0.046,0.053,0.051,0.046,0.052

>n405439
0.059,0.019,0.046,0.038,0.035,0.029,0.008,0.028,0.045,0.028,0.033,0.018,0.023,0.024,0.037,0.034,0.057,0.05,0.047,0.05,0.048,0.048,0.05,0.048,0.048,0.049

>n405440
0.022,0.02,0.048,0.013,0.035,0.043,0.015,0.032,0.036,0.038,0.049,0.024,0.009,0.024,0.035,0.016,0.064,0.055,0.053,0.055,0.053,0.051,0.052,0.054,0.052,0.053

>n405453
0.047,0.023,0.035,0.028,0.028,0.035,0.018,0.032,0.035,0.026,0.029,0.023,0.023,0.029,0.031,0.037,0.062,0.054,0.05,0.052,0.051,0.051,0.051,0.051,0.05,0.052

>n405455
0.037,0.028,0.036,0.034,0.039,0.03,0.012,0.027,0.038,0.026,0.028,0.025,0.022,0.025,0.04,0.034,0.061,0.052,0.049,0.052,0.052,0.048,0.052,0.051,0.05,0.052

>n405456
0.059,0.03,0.038,0.049,0.039,0.02,0.005,0.031,0.041,0.02,0.019,0.023,0.036,0.025,0.041,0.039,0.059,0.047,0.046,0.05,0.049,0.046,0.048,0.048,0.047,0.046

>n405460
0.05,0.029,0.041,0.029,0.039,0.026,0.013,0.03,0.042,0.023,0.027,0.023,0.018,0.029,0.034,0.037,0.058,0.052,0.05,0.05,0.052,0.049,0.05,0.051,0.048,0.05

>n405468
0.05,0.026,0.038,0.033,0.029,0.028,0.012,0.033,0.042,0.026,0.028,0.022,0.026,0.022,0.04,0.034,0.06,0.052,0.047,0.052,0.051,0.05,0.049,0.052,0.049,0.05

>n405477
0.039,0.025,0.04,0.028,0.035,0.032,0.011,0.035,0.04,0.029,0.036,0.023,0.017,0.027,0.041,0.031,0.06,0.053,0.048,0.051,0.049,0.05,0.05,0.052,0.047,0.052

>n405484
0.032,0.017,0.032,0.037,0.032,0.027,0.014,0.033,0.026,0.027,0.028,0.028,0.028,0.036,0.034,0.048,0.062,0.05,0.051,0.051,0.05,0.051,0.05,0.052,0.051,0.05

>n405487
0.035,0.024,0.048,0.026,0.041,0.026,0.005,0.045,0.032,0.036,0.033,0.022,0.025,0.03,0.038,0.031,0.061,0.05,0.047,0.052,0.048,0.048,0.05,0.049,0.05,0.048

>n405504
0.056,0.026,0.042,0.031,0.038,0.024,0.007,0.033,0.036,0.025,0.031,0.024,0.025,0.027,0.035,0.04,0.058,0.05,0.048,0.051,0.05,0.048,0.05,0.048,0.048,0.049

>n405508
0.043,0.026,0.035,0.038,0.038,0.019,0.007,0.037,0.034,0.025,0.022,0.029,0.027,0.031,0.046,0.043,0.06,0.05,0.047,0.05,0.05,0.048,0.049,0.048,0.048,0.05

>n405510
0.025,0.031,0.034,0.025,0.045,0.055,0.022,0.04,0.034,0.031,0.023,0.014,0.011,0.045,0.022,0.013,0.065,0.053,0.049,0.048,0.056,0.048,0.05,0.054,0.054,0.051

>n405523
0.012,0.022,0.026,0.012,0.027,0.05,0.025,0.036,0.026,0.043,0.038,0.021,0.007,0.024,0.038,0.013,0.072,0.057,0.054,0.059,0.055,0.056,0.055,0.057,0.055,0.057

>n405556
0.041,0.027,0.032,0.026,0.029,0.035,0.015,0.035,0.031,0.029,0.03,0.021,0.024,0.025,0.033,0.041,0.063,0.052,0.052,0.051,0.051,0.05,0.052,0.052,0.051,0.05

>n405558
0.026,0.029,0.038,0.024,0.038,0.037,0.017,0.03,0.037,0.03,0.032,0.024,0.016,0.026,0.035,0.024,0.064,0.055,0.05,0.055,0.052,0.05,0.054,0.052,0.051,0.054

>n405566
0.059,0.029,0.045,0.041,0.038,0.021,0.004,0.033,0.043,0.019,0.026,0.025,0.034,0.026,0.038,0.037,0.056,0.048,0.047,0.048,0.048,0.046,0.047,0.05,0.046,0.047

>n405569
0.048,0.021,0.038,0.043,0.028,0.016,0.005,0.025,0.033,0.018,0.032,0.036,0.04,0.019,0.045,0.052,0.06,0.05,0.046,0.05,0.053,0.044,0.052,0.049,0.047,0.049

>n405576
0.06,0.025,0.041,0.035,0.037,0.039,0.003,0.049,0.045,0.028,0.022,0.017,0.019,0.036,0.046,0.041,0.051,0.048,0.044,0.047,0.047,0.041,0.045,0.046,0.044,0.046

>n405607
0.039,0.021,0.032,0.034,0.025,0.026,0.009,0.032,0.033,0.022,0.035,0.029,0.029,0.024,0.043,0.056,0.058,0.051,0.05,0.05,0.05,0.047,0.052,0.05,0.048,0.051

>n405614
0.039,0.025,0.042,0.022,0.039,0.043,0.013,0.035,0.036,0.035,0.033,0.021,0.015,0.027,0.036,0.022,0.062,0.052,0.049,0.051,0.051,0.05,0.051,0.051,0.049,0.051

>n405620
0.014,0.018,0.038,0.01,0.027,0.053,0.029,0.026,0.031,0.044,0.052,0.014,0.009,0.019,0.022,0.012,0.07,0.058,0.057,0.058,0.059,0.053,0.056,0.057,0.054,0.058

>n405621
0.061,0.029,0.04,0.044,0.036,0.017,0.006,0.029,0.042,0.018,0.022,0.025,0.035,0.025,0.038,0.047,0.057,0.049,0.046,0.049,0.047,0.047,0.049,0.048,0.046,0.049

>n405626
0.055,0.028,0.036,0.042,0.037,0.022,0.006,0.03,0.033,0.021,0.029,0.024,0.036,0.023,0.037,0.047,0.057,0.049,0.048,0.049,0.048,0.05,0.049,0.048,0.048,0.048

>n405639
0.042,0.027,0.032,0.041,0.037,0.027,0.003,0.038,0.028,0.02,0.022,0.031,0.034,0.032,0.044,0.065,0.057,0.047,0.047,0.048,0.047,0.045,0.048,0.047,0.046,0.047

>n405658
0.035,0.026,0.035,0.028,0.037,0.029,0.014,0.033,0.036,0.03,0.031,0.024,0.016,0.027,0.041,0.031,0.063,0.053,0.051,0.052,0.053,0.05,0.052,0.052,0.05,0.052

>n405660
0.023,0.021,0.043,0.013,0.034,0.037,0.016,0.036,0.034,0.041,0.046,0.021,0.008,0.025,0.037,0.018,0.065,0.056,0.052,0.054,0.055,0.052,0.054,0.053,0.052,0.053

>n405665
0.055,0.029,0.031,0.049,0.034,0.019,0.004,0.035,0.03,0.016,0.016,0.028,0.046,0.028,0.038,0.066,0.057,0.046,0.046,0.048,0.047,0.046,0.046,0.048,0.045,0.047

>n405671
0.02,0.013,0.025,0.017,0.027,0.041,0.029,0.03,0.022,0.047,0.036,0.02,0.007,0.026,0.034,0.025,0.074,0.057,0.051,0.062,0.057,0.052,0.059,0.057,0.053,0.06

>n405691
0.047,0.025,0.053,0.035,0.037,0.024,0.006,0.032,0.057,0.02,0.03,0.026,0.019,0.029,0.045,0.028,0.057,0.05,0.045,0.048,0.049,0.046,0.048,0.049,0.046,0.047

>n405702
0.027,0.029,0.038,0.019,0.042,0.037,0.021,0.03,0.037,0.037,0.031,0.018,0.008,0.027,0.033,0.013,0.067,0.054,0.053,0.055,0.054,0.054,0.053,0.057,0.052,0.054

>n405705
0.049,0.03,0.044,0.028,0.046,0.032,0.007,0.035,0.035,0.029,0.03,0.02,0.021,0.029,0.034,0.032,0.058,0.049,0.048,0.049,0.05,0.047,0.049,0.05,0.049,0.05

>n405755
0.081,0.022,0.031,0.04,0.029,0.02,0.002,0.04,0.034,0.022,0.034,0.02,0.034,0.027,0.04,0.049,0.051,0.047,0.051,0.044,0.046,0.043,0.047,0.047,0.048,0.047

>n405795
0.029,0.03,0.042,0.031,0.048,0.03,0.002,0.039,0.036,0.03,0.033,0.028,0.019,0.029,0.049,0.031,0.058,0.052,0.045,0.052,0.049,0.046,0.05,0.048,0.047,0.05

>n405862
0.014,0.025,0.033,0.013,0.037,0.049,0.012,0.042,0.025,0.039,0.057,0.023,0.009,0.028,0.042,0.014,0.063,0.055,0.052,0.055,0.053,0.052,0.053,0.053,0.052,0.053

>n405884
0.049,0.027,0.038,0.039,0.039,0.026,0.006,0.035,0.032,0.021,0.02,0.029,0.033,0.032,0.038,0.048,0.059,0.046,0.049,0.048,0.048,0.047,0.047,0.048,0.046,0.048

>n405893
0.063,0.029,0.041,0.036,0.036,0.022,0.005,0.033,0.049,0.02,0.029,0.024,0.022,0.024,0.048,0.034,0.057,0.05,0.046,0.048,0.046,0.048,0.05,0.048,0.045,0.049

>n405912
0.043,0.024,0.045,0.029,0.033,0.029,0.007,0.037,0.044,0.028,0.032,0.027,0.021,0.025,0.047,0.033,0.058,0.05,0.049,0.05,0.048,0.049,0.048,0.048,0.049,0.048

>n405951
0.028,0.031,0.041,0.025,0.046,0.033,0.01,0.036,0.037,0.035,0.039,0.018,0.015,0.026,0.039,0.017,0.061,0.055,0.048,0.055,0.05,0.051,0.053,0.049,0.052,0.05

>n405968
0.042,0.02,0.032,0.031,0.027,0.025,0.016,0.029,0.029,0.028,0.031,0.026,0.028,0.024,0.035,0.045,0.064,0.053,0.051,0.053,0.053,0.05,0.053,0.053,0.049,0.054

>n405979
0.049,0.029,0.039,0.024,0.039,0.033,0.009,0.037,0.034,0.029,0.035,0.022,0.02,0.028,0.036,0.028,0.059,0.052,0.049,0.051,0.05,0.048,0.05,0.05,0.049,0.05

>n405981
0.023,0.024,0.032,0.022,0.035,0.027,0.02,0.027,0.033,0.036,0.041,0.025,0.011,0.021,0.042,0.018,0.069,0.056,0.053,0.057,0.054,0.055,0.055,0.055,0.053,0.057

>n405982
0.024,0.024,0.034,0.022,0.036,0.025,0.02,0.026,0.033,0.037,0.04,0.024,0.011,0.021,0.04,0.018,0.07,0.055,0.054,0.057,0.055,0.054,0.056,0.056,0.054,0.057

>n405985
0.059,0.024,0.043,0.037,0.033,0.028,0.007,0.035,0.045,0.022,0.026,0.02,0.027,0.029,0.036,0.044,0.055,0.05,0.047,0.048,0.048,0.046,0.047,0.049,0.046,0.048

>n405990
0.048,0.025,0.032,0.041,0.031,0.017,0.009,0.032,0.031,0.023,0.027,0.025,0.036,0.024,0.039,0.055,0.06,0.051,0.049,0.05,0.05,0.047,0.05,0.05,0.05,0.05

>n405993
0.029,0.024,0.039,0.017,0.041,0.039,0.019,0.028,0.026,0.04,0.031,0.024,0.014,0.024,0.031,0.023,0.068,0.056,0.051,0.056,0.055,0.05,0.056,0.055,0.05,0.054

>n406117
0.028,0.024,0.04,0.027,0.036,0.034,0.011,0.04,0.04,0.032,0.029,0.024,0.015,0.031,0.045,0.032,0.06,0.054,0.049,0.05,0.05,0.049,0.051,0.05,0.049,0.05

>n406126
0.044,0.032,0.045,0.027,0.049,0.041,0.007,0.038,0.037,0.028,0.029,0.018,0.019,0.035,0.03,0.029,0.057,0.05,0.047,0.05,0.048,0.047,0.048,0.048,0.048,0.049

>n406127
0.064,0.033,0.04,0.043,0.045,0.024,0.004,0.027,0.045,0.015,0.027,0.023,0.026,0.029,0.039,0.035,0.054,0.043,0.048,0.049,0.048,0.048,0.048,0.049,0.046,0.048

>n406134
0.067,0.027,0.034,0.04,0.032,0.019,0.006,0.03,0.034,0.017,0.021,0.028,0.035,0.025,0.038,0.061,0.057,0.048,0.048,0.049,0.048,0.048,0.048,0.048,0.047,0.047

>n406138
0.034,0.027,0.031,0.029,0.036,0.033,0.012,0.037,0.029,0.029,0.03,0.024,0.022,0.029,0.039,0.039,0.062,0.052,0.052,0.051,0.051,0.05,0.051,0.051,0.051,0.051

>n406144
0.046,0.021,0.039,0.038,0.034,0.023,0.006,0.033,0.034,0.022,0.029,0.027,0.029,0.031,0.038,0.058,0.057,0.049,0.049,0.048,0.048,0.046,0.049,0.048,0.047,0.049

>n406145
0.038,0.029,0.043,0.026,0.038,0.027,0.013,0.035,0.043,0.029,0.031,0.021,0.018,0.026,0.038,0.02,0.064,0.053,0.051,0.052,0.051,0.049,0.051,0.052,0.051,0.05

>n406154
0.013,0.02,0.039,0.01,0.035,0.05,0.023,0.031,0.029,0.048,0.051,0.014,0.006,0.021,0.029,0.009,0.068,0.06,0.053,0.058,0.056,0.054,0.057,0.056,0.055,0.056

>n406187
0.042,0.026,0.038,0.028,0.036,0.039,0.01,0.039,0.037,0.029,0.032,0.023,0.018,0.031,0.041,0.028,0.059,0.052,0.048,0.051,0.05,0.047,0.05,0.049,0.049,0.049

>n406191
0.03,0.027,0.034,0.02,0.03,0.038,0.019,0.036,0.036,0.027,0.033,0.025,0.015,0.031,0.034,0.026,0.064,0.054,0.052,0.053,0.052,0.052,0.051,0.055,0.051,0.053

>n406192
0.032,0.021,0.033,0.023,0.025,0.033,0.022,0.036,0.036,0.029,0.035,0.021,0.016,0.032,0.032,0.029,0.064,0.056,0.053,0.054,0.054,0.052,0.052,0.056,0.052,0.054

>n406194
0.031,0.02,0.031,0.026,0.028,0.024,0.019,0.027,0.029,0.031,0.039,0.028,0.019,0.022,0.04,0.032,0.066,0.054,0.054,0.056,0.055,0.052,0.056,0.054,0.054,0.053

>n406195
0.039,0.026,0.044,0.026,0.037,0.035,0.007,0.039,0.038,0.026,0.037,0.024,0.02,0.031,0.037,0.034,0.057,0.051,0.049,0.05,0.049,0.047,0.049,0.049,0.049,0.05

>n406198
0.017,0.024,0.043,0.012,0.036,0.044,0.02,0.032,0.034,0.042,0.048,0.016,0.008,0.022,0.03,0.014,0.067,0.056,0.054,0.056,0.055,0.051,0.055,0.055,0.054,0.056

>n406201
0.03,0.027,0.035,0.025,0.034,0.033,0.009,0.047,0.035,0.032,0.035,0.023,0.018,0.03,0.047,0.023,0.062,0.052,0.048,0.052,0.052,0.049,0.051,0.05,0.05,0.051

>n406202
0.04,0.024,0.035,0.027,0.036,0.034,0.01,0.038,0.031,0.028,0.03,0.026,0.02,0.031,0.041,0.035,0.061,0.05,0.049,0.051,0.051,0.05,0.051,0.049,0.051,0.049

>n406225
0.048,0.02,0.031,0.035,0.034,0.025,0.012,0.025,0.028,0.027,0.027,0.032,0.026,0.023,0.044,0.036,0.063,0.051,0.051,0.051,0.052,0.049,0.053,0.052,0.05,0.052

>n406246
0.057,0.029,0.038,0.045,0.045,0.017,0.006,0.027,0.038,0.017,0.022,0.028,0.029,0.031,0.04,0.045,0.058,0.047,0.048,0.049,0.047,0.047,0.048,0.049,0.046,0.047

>n406247
0.022,0.023,0.031,0.019,0.033,0.04,0.023,0.031,0.03,0.042,0.037,0.019,0.01,0.022,0.036,0.016,0.069,0.059,0.052,0.055,0.055,0.056,0.054,0.057,0.053,0.056

>n406266
0.044,0.026,0.04,0.032,0.044,0.037,0.006,0.039,0.033,0.028,0.023,0.025,0.021,0.036,0.039,0.042,0.058,0.05,0.047,0.047,0.048,0.047,0.047,0.048,0.048,0.047

>n406274
0.026,0.02,0.036,0.028,0.037,0.038,0.008,0.045,0.027,0.031,0.033,0.024,0.021,0.04,0.037,0.049,0.059,0.052,0.048,0.049,0.05,0.047,0.049,0.05,0.047,0.048

>n406277
0.036,0.035,0.031,0.024,0.04,0.027,0.016,0.032,0.027,0.028,0.023,0.025,0.024,0.025,0.033,0.024,0.069,0.049,0.056,0.051,0.052,0.058,0.049,0.058,0.048,0.056

>n406287
0.061,0.029,0.043,0.037,0.045,0.025,0.003,0.035,0.041,0.023,0.026,0.021,0.024,0.031,0.038,0.04,0.055,0.048,0.047,0.047,0.048,0.046,0.047,0.047,0.045,0.047

>n406296
0.031,0.025,0.033,0.031,0.036,0.033,0.01,0.033,0.033,0.026,0.036,0.027,0.02,0.027,0.043,0.039,0.06,0.052,0.05,0.051,0.05,0.05,0.05,0.051,0.051,0.05

>n406299
0.071,0.036,0.041,0.04,0.041,0.032,0.003,0.035,0.04,0.02,0.02,0.021,0.036,0.023,0.037,0.032,0.057,0.045,0.048,0.048,0.045,0.046,0.045,0.05,0.045,0.046

>n406300
0.065,0.025,0.032,0.046,0.032,0.016,0.006,0.032,0.035,0.016,0.024,0.025,0.036,0.029,0.038,0.059,0.055,0.049,0.045,0.049,0.048,0.046,0.048,0.047,0.047,0.047

>n406301
0.06,0.025,0.029,0.047,0.032,0.021,0.007,0.037,0.026,0.022,0.022,0.023,0.042,0.029,0.036,0.054,0.059,0.048,0.047,0.048,0.049,0.047,0.048,0.048,0.047,0.048

>n406328
0.037,0.026,0.044,0.025,0.035,0.034,0.008,0.039,0.045,0.027,0.04,0.02,0.016,0.028,0.04,0.035,0.056,0.052,0.049,0.049,0.05,0.049,0.05,0.048,0.05,0.048

>n406336
0.031,0.032,0.031,0.028,0.042,0.043,0.009,0.039,0.031,0.026,0.027,0.028,0.018,0.031,0.045,0.036,0.061,0.05,0.047,0.051,0.048,0.048,0.051,0.05,0.049,0.049

>n406346
0.045,0.024,0.038,0.036,0.038,0.027,0.007,0.035,0.032,0.024,0.027,0.028,0.028,0.032,0.039,0.046,0.059,0.049,0.047,0.049,0.049,0.047,0.049,0.049,0.048,0.049

>n406370
0.019,0.026,0.044,0.018,0.044,0.043,0.01,0.036,0.035,0.037,0.044,0.024,0.008,0.028,0.041,0.018,0.061,0.054,0.051,0.054,0.051,0.05,0.052,0.051,0.048,0.053

>n406404
0.032,0.026,0.035,0.019,0.041,0.04,0.014,0.035,0.025,0.036,0.034,0.024,0.014,0.029,0.035,0.031,0.064,0.053,0.052,0.053,0.052,0.052,0.052,0.052,0.051,0.052

>n406409
0.049,0.025,0.022,0.035,0.027,0.025,0.016,0.028,0.03,0.022,0.031,0.029,0.026,0.024,0.044,0.033,0.063,0.058,0.054,0.049,0.056,0.05,0.049,0.052,0.052,0.052

>n406416
0.072,0.021,0.036,0.044,0.032,0.022,0.006,0.031,0.032,0.017,0.02,0.03,0.038,0.031,0.036,0.055,0.055,0.048,0.047,0.049,0.047,0.046,0.047,0.046,0.045,0.048

>n406422
0.028,0.024,0.038,0.02,0.034,0.042,0.01,0.044,0.03,0.036,0.036,0.022,0.017,0.029,0.04,0.029,0.061,0.054,0.049,0.051,0.05,0.049,0.051,0.054,0.049,0.052

>n406428
0.041,0.024,0.034,0.032,0.037,0.027,0.012,0.033,0.032,0.032,0.028,0.025,0.021,0.026,0.043,0.035,0.063,0.052,0.048,0.052,0.052,0.048,0.053,0.051,0.048,0.052

>n406442
0.049,0.026,0.042,0.027,0.036,0.037,0.004,0.037,0.038,0.026,0.03,0.026,0.02,0.026,0.045,0.045,0.056,0.05,0.047,0.049,0.049,0.046,0.048,0.048,0.046,0.049

>n406444
0.017,0.02,0.035,0.012,0.026,0.034,0.02,0.034,0.03,0.036,0.044,0.027,0.011,0.023,0.038,0.035,0.066,0.056,0.054,0.055,0.055,0.052,0.055,0.055,0.054,0.054

>n406449
0.026,0.019,0.036,0.024,0.034,0.031,0.016,0.036,0.03,0.033,0.037,0.024,0.014,0.034,0.036,0.036,0.064,0.052,0.053,0.052,0.052,0.05,0.053,0.052,0.052,0.053

>n406474
0.033,0.024,0.044,0.024,0.038,0.034,0.013,0.034,0.036,0.037,0.035,0.02,0.018,0.023,0.036,0.025,0.064,0.054,0.05,0.053,0.051,0.05,0.051,0.054,0.05,0.05

>n406475
0.032,0.031,0.03,0.03,0.037,0.043,0.012,0.032,0.026,0.028,0.041,0.022,0.028,0.023,0.033,0.03,0.063,0.051,0.053,0.052,0.054,0.048,0.051,0.052,0.051,0.047

>n406478
0.05,0.025,0.04,0.035,0.039,0.028,0.005,0.036,0.036,0.025,0.032,0.025,0.026,0.03,0.04,0.04,0.057,0.049,0.048,0.048,0.048,0.047,0.048,0.048,0.048,0.048

>n406480
0.048,0.027,0.045,0.039,0.044,0.025,0.003,0.033,0.039,0.02,0.026,0.027,0.028,0.033,0.039,0.046,0.056,0.046,0.048,0.047,0.047,0.046,0.047,0.048,0.047,0.046

>n406488
0.037,0.029,0.035,0.029,0.037,0.036,0.009,0.036,0.029,0.024,0.034,0.025,0.027,0.028,0.034,0.044,0.059,0.051,0.049,0.05,0.051,0.049,0.05,0.049,0.05,0.049

>n406512
0.021,0.019,0.041,0.01,0.034,0.052,0.021,0.034,0.032,0.044,0.045,0.017,0.006,0.025,0.031,0.015,0.065,0.058,0.052,0.056,0.054,0.05,0.056,0.055,0.052,0.055

>n406515
0.049,0.027,0.032,0.031,0.037,0.029,0.014,0.031,0.036,0.023,0.023,0.027,0.018,0.031,0.04,0.039,0.061,0.052,0.05,0.05,0.051,0.05,0.05,0.05,0.051,0.05

>n406543
0.047,0.026,0.035,0.041,0.037,0.022,0.005,0.037,0.03,0.019,0.022,0.029,0.035,0.034,0.038,0.059,0.057,0.048,0.048,0.047,0.048,0.046,0.048,0.047,0.047,0.047

>n406566
0.045,0.024,0.056,0.019,0.045,0.036,0.008,0.031,0.042,0.034,0.04,0.021,0.012,0.027,0.032,0.019,0.059,0.052,0.048,0.051,0.05,0.049,0.049,0.05,0.05,0.051

>n406569
0.018,0.024,0.046,0.012,0.039,0.05,0.016,0.033,0.037,0.043,0.049,0.016,0.006,0.022,0.033,0.01,0.065,0.055,0.053,0.055,0.054,0.05,0.054,0.053,0.052,0.055

>n406598
0.026,0.026,0.039,0.019,0.039,0.039,0.011,0.04,0.031,0.033,0.04,0.025,0.015,0.031,0.04,0.023,0.062,0.053,0.049,0.053,0.05,0.05,0.053,0.051,0.05,0.053

>n406604
0.033,0.027,0.043,0.024,0.043,0.032,0.008,0.037,0.033,0.032,0.033,0.025,0.018,0.028,0.04,0.029,0.061,0.051,0.05,0.05,0.05,0.049,0.053,0.052,0.05,0.05

>n406605
0.033,0.026,0.048,0.024,0.042,0.028,0.008,0.034,0.039,0.031,0.038,0.025,0.016,0.027,0.039,0.026,0.06,0.051,0.05,0.05,0.05,0.049,0.053,0.051,0.05,0.05

>n406782
0.035,0.027,0.034,0.02,0.03,0.035,0.018,0.035,0.03,0.03,0.031,0.023,0.022,0.026,0.031,0.036,0.065,0.054,0.052,0.053,0.052,0.052,0.052,0.051,0.052,0.053

>n406795
0.026,0.03,0.033,0.017,0.032,0.045,0.018,0.037,0.036,0.026,0.041,0.022,0.012,0.031,0.033,0.025,0.063,0.052,0.052,0.054,0.052,0.051,0.054,0.052,0.051,0.055

>n406796
0.028,0.029,0.037,0.018,0.044,0.043,0.015,0.035,0.029,0.036,0.035,0.021,0.011,0.03,0.033,0.021,0.064,0.053,0.052,0.055,0.052,0.052,0.051,0.053,0.05,0.053

>n406816
0.03,0.03,0.034,0.018,0.044,0.044,0.015,0.036,0.027,0.036,0.036,0.018,0.011,0.029,0.032,0.022,0.064,0.053,0.052,0.055,0.052,0.053,0.052,0.054,0.049,0.053

>n406833
0.026,0.026,0.032,0.024,0.037,0.037,0.015,0.03,0.033,0.031,0.041,0.025,0.013,0.026,0.041,0.02,0.063,0.056,0.051,0.055,0.053,0.052,0.053,0.053,0.052,0.054

>n406847
0.027,0.018,0.033,0.023,0.026,0.044,0.021,0.032,0.03,0.027,0.034,0.029,0.018,0.034,0.032,0.034,0.064,0.054,0.053,0.054,0.054,0.051,0.051,0.054,0.053,0.052

>n406866
0.034,0.025,0.034,0.022,0.033,0.04,0.016,0.037,0.032,0.03,0.036,0.023,0.015,0.033,0.033,0.027,0.062,0.054,0.05,0.054,0.052,0.05,0.052,0.052,0.052,0.052

>n406872
0.013,0.017,0.021,0.011,0.025,0.03,0.04,0.019,0.018,0.045,0.049,0.02,0.005,0.021,0.023,0.014,0.081,0.064,0.052,0.069,0.061,0.053,0.066,0.064,0.053,0.066

>n406883
0.024,0.022,0.036,0.018,0.04,0.051,0.011,0.042,0.023,0.038,0.042,0.022,0.013,0.033,0.035,0.028,0.061,0.055,0.051,0.051,0.052,0.049,0.052,0.051,0.051,0.05

>n406889
0.023,0.02,0.041,0.016,0.034,0.041,0.016,0.037,0.035,0.039,0.042,0.022,0.008,0.028,0.038,0.02,0.064,0.057,0.05,0.054,0.053,0.051,0.052,0.054,0.051,0.054

>n406899
0.049,0.021,0.037,0.044,0.032,0.021,0.008,0.034,0.032,0.022,0.02,0.029,0.038,0.031,0.039,0.046,0.06,0.048,0.049,0.049,0.049,0.048,0.047,0.05,0.048,0.049

>n406900
0.017,0.022,0.033,0.018,0.029,0.034,0.023,0.032,0.03,0.042,0.04,0.018,0.015,0.021,0.033,0.021,0.07,0.057,0.053,0.06,0.054,0.056,0.056,0.056,0.056,0.056

>n406914
0.03,0.023,0.034,0.019,0.029,0.032,0.022,0.029,0.026,0.033,0.036,0.022,0.021,0.025,0.025,0.032,0.068,0.055,0.054,0.056,0.055,0.053,0.055,0.054,0.055,0.055

>n406926
0.016,0.018,0.039,0.012,0.028,0.046,0.033,0.021,0.033,0.045,0.043,0.012,0.01,0.018,0.017,0.014,0.076,0.058,0.057,0.058,0.058,0.056,0.057,0.061,0.055,0.058

>n406931
0.022,0.023,0.034,0.023,0.028,0.037,0.018,0.036,0.03,0.031,0.04,0.024,0.022,0.028,0.033,0.025,0.066,0.053,0.054,0.055,0.054,0.052,0.054,0.053,0.051,0.054

>n406939
0.029,0.019,0.033,0.027,0.036,0.034,0.01,0.039,0.028,0.029,0.042,0.025,0.016,0.036,0.038,0.049,0.058,0.052,0.05,0.051,0.048,0.049,0.05,0.052,0.049,0.052

>n406952
0.02,0.025,0.04,0.018,0.039,0.046,0.016,0.034,0.033,0.034,0.037,0.025,0.011,0.029,0.037,0.023,0.064,0.055,0.049,0.053,0.053,0.049,0.054,0.052,0.051,0.053

>n406964
0.035,0.026,0.041,0.023,0.038,0.038,0.011,0.035,0.035,0.033,0.045,0.02,0.017,0.026,0.034,0.019,0.061,0.052,0.049,0.054,0.051,0.049,0.051,0.052,0.052,0.052

>n406992
0.04,0.018,0.039,0.023,0.026,0.033,0.02,0.025,0.035,0.033,0.036,0.023,0.021,0.02,0.031,0.03,0.065,0.055,0.051,0.056,0.053,0.052,0.055,0.053,0.052,0.055

>n407027
0.047,0.026,0.037,0.034,0.038,0.025,0.008,0.034,0.029,0.029,0.028,0.023,0.03,0.026,0.035,0.045,0.06,0.051,0.047,0.052,0.051,0.048,0.05,0.05,0.049,0.049

>n407046
0.045,0.023,0.041,0.023,0.04,0.033,0.011,0.03,0.035,0.032,0.038,0.021,0.013,0.026,0.035,0.031,0.058,0.054,0.051,0.053,0.05,0.047,0.053,0.05,0.052,0.053

>n407050
0.02,0.015,0.026,0.017,0.022,0.042,0.021,0.035,0.026,0.043,0.051,0.02,0.011,0.019,0.042,0.024,0.067,0.056,0.056,0.057,0.056,0.051,0.056,0.054,0.054,0.058

>n407062
0.052,0.025,0.034,0.034,0.036,0.027,0.011,0.033,0.028,0.025,0.021,0.026,0.029,0.029,0.034,0.052,0.061,0.05,0.049,0.049,0.05,0.047,0.05,0.049,0.05,0.049

>n407071
0.06,0.027,0.044,0.041,0.04,0.022,0.004,0.03,0.038,0.017,0.024,0.03,0.034,0.029,0.038,0.044,0.056,0.046,0.048,0.048,0.048,0.046,0.047,0.048,0.046,0.048

>n407073
0.042,0.022,0.039,0.028,0.03,0.032,0.017,0.028,0.032,0.029,0.029,0.026,0.028,0.023,0.031,0.033,0.066,0.051,0.052,0.053,0.054,0.048,0.054,0.051,0.052,0.052

>n407098
0.021,0.022,0.033,0.014,0.028,0.042,0.022,0.038,0.027,0.039,0.03,0.023,0.014,0.027,0.034,0.029,0.069,0.054,0.053,0.056,0.052,0.053,0.054,0.054,0.055,0.054

>n407108
0.036,0.017,0.027,0.041,0.031,0.025,0.015,0.028,0.03,0.028,0.03,0.026,0.023,0.03,0.042,0.051,0.065,0.05,0.051,0.051,0.051,0.052,0.049,0.05,0.051,0.052

>n407114
0.043,0.022,0.039,0.034,0.038,0.033,0.005,0.04,0.029,0.025,0.027,0.028,0.028,0.035,0.039,0.051,0.057,0.048,0.048,0.048,0.048,0.046,0.048,0.046,0.048,0.047

>n407125
0.031,0.023,0.03,0.029,0.037,0.034,0.011,0.042,0.024,0.032,0.029,0.024,0.022,0.036,0.038,0.045,0.061,0.052,0.049,0.052,0.051,0.049,0.051,0.05,0.049,0.05

>n407138
0.043,0.025,0.033,0.032,0.032,0.026,0.012,0.033,0.027,0.028,0.028,0.026,0.03,0.024,0.036,0.047,0.062,0.052,0.051,0.051,0.051,0.05,0.049,0.051,0.051,0.05

>n407159
0.046,0.024,0.038,0.031,0.033,0.022,0.011,0.031,0.036,0.026,0.032,0.026,0.024,0.025,0.038,0.036,0.061,0.053,0.05,0.051,0.052,0.051,0.052,0.051,0.049,0.053

>n407161
0.055,0.035,0.057,0.033,0.044,0.014,0.006,0.03,0.057,0.022,0.026,0.02,0.023,0.023,0.037,0.025,0.059,0.052,0.044,0.049,0.051,0.046,0.048,0.048,0.048,0.048

>n407163
0.016,0.022,0.028,0.023,0.03,0.059,0.021,0.037,0.033,0.032,0.048,0.015,0.01,0.035,0.031,0.025,0.061,0.057,0.052,0.055,0.052,0.053,0.051,0.052,0.053,0.052

>n407173
0.039,0.025,0.04,0.03,0.039,0.032,0.008,0.035,0.036,0.027,0.029,0.028,0.02,0.031,0.042,0.034,0.059,0.052,0.049,0.049,0.049,0.047,0.051,0.05,0.049,0.049

>n407180
0.047,0.023,0.036,0.037,0.033,0.021,0.007,0.035,0.033,0.023,0.024,0.03,0.031,0.028,0.043,0.054,0.059,0.049,0.048,0.049,0.049,0.048,0.048,0.049,0.048,0.048

>n407195
0.065,0.026,0.037,0.042,0.028,0.015,0.007,0.029,0.035,0.018,0.024,0.028,0.041,0.02,0.037,0.056,0.058,0.048,0.047,0.049,0.048,0.047,0.05,0.048,0.049,0.047

>n407210
0.021,0.021,0.028,0.017,0.031,0.037,0.025,0.03,0.027,0.039,0.052,0.017,0.01,0.026,0.03,0.015,0.069,0.059,0.053,0.058,0.06,0.048,0.058,0.058,0.054,0.057

>n407211
0.022,0.022,0.041,0.018,0.034,0.032,0.01,0.039,0.031,0.034,0.047,0.027,0.016,0.028,0.04,0.029,0.062,0.053,0.052,0.052,0.051,0.051,0.051,0.052,0.052,0.052

>n407249
0.041,0.029,0.037,0.012,0.033,0.042,0.018,0.033,0.034,0.034,0.037,0.019,0.012,0.021,0.033,0.017,0.067,0.057,0.049,0.054,0.056,0.052,0.054,0.053,0.055,0.051

>n407257
0.037,0.024,0.033,0.027,0.033,0.032,0.014,0.034,0.029,0.031,0.031,0.025,0.022,0.027,0.037,0.037,0.063,0.053,0.05,0.052,0.052,0.049,0.051,0.053,0.051,0.052

>n407283
0.041,0.024,0.046,0.027,0.036,0.029,0.005,0.035,0.04,0.028,0.039,0.028,0.021,0.024,0.043,0.033,0.058,0.051,0.049,0.05,0.05,0.047,0.051,0.048,0.05,0.047

>n407311
0.06,0.026,0.032,0.047,0.032,0.017,0.004,0.032,0.028,0.018,0.023,0.026,0.044,0.025,0.036,0.061,0.057,0.048,0.048,0.048,0.048,0.047,0.047,0.049,0.047,0.047

>n407312
0.031,0.021,0.038,0.024,0.038,0.035,0.009,0.036,0.03,0.03,0.035,0.031,0.015,0.031,0.045,0.041,0.06,0.048,0.052,0.048,0.052,0.048,0.052,0.05,0.05,0.05

>n407337
0.021,0.022,0.036,0.02,0.036,0.041,0.01,0.038,0.03,0.034,0.051,0.027,0.012,0.029,0.045,0.021,0.061,0.053,0.053,0.052,0.052,0.049,0.052,0.051,0.052,0.052

>n407346
0.035,0.03,0.031,0.029,0.042,0.029,0.007,0.046,0.027,0.029,0.03,0.023,0.021,0.035,0.041,0.039,0.06,0.05,0.05,0.049,0.051,0.048,0.05,0.05,0.049,0.049

>n407372
0.045,0.029,0.037,0.028,0.044,0.028,0.003,0.046,0.035,0.032,0.032,0.022,0.016,0.033,0.048,0.03,0.057,0.051,0.047,0.048,0.05,0.047,0.048,0.049,0.047,0.049

>n407383
0.034,0.02,0.035,0.024,0.028,0.032,0.019,0.032,0.032,0.03,0.036,0.024,0.019,0.029,0.032,0.031,0.065,0.054,0.051,0.054,0.054,0.052,0.052,0.055,0.051,0.053

>n407400
0.025,0.023,0.039,0.013,0.037,0.038,0.017,0.033,0.03,0.037,0.051,0.021,0.009,0.026,0.031,0.017,0.065,0.055,0.054,0.055,0.053,0.054,0.054,0.054,0.054,0.053

>n407410
0.024,0.018,0.025,0.019,0.022,0.038,0.022,0.036,0.021,0.035,0.033,0.027,0.018,0.028,0.036,0.04,0.069,0.054,0.055,0.055,0.055,0.053,0.055,0.054,0.054,0.054

>n407412
0.053,0.029,0.041,0.047,0.042,0.021,0.006,0.028,0.046,0.016,0.026,0.026,0.029,0.032,0.04,0.032,0.056,0.046,0.049,0.049,0.047,0.048,0.048,0.047,0.048,0.047

>n407413
0.034,0.026,0.033,0.024,0.037,0.028,0.016,0.037,0.032,0.032,0.036,0.02,0.015,0.032,0.034,0.028,0.065,0.054,0.05,0.054,0.054,0.051,0.052,0.052,0.051,0.054

>n407433
0.044,0.028,0.033,0.033,0.035,0.03,0.006,0.042,0.032,0.029,0.029,0.022,0.027,0.026,0.045,0.037,0.059,0.051,0.047,0.049,0.05,0.048,0.05,0.05,0.048,0.05

>n407434
0.046,0.021,0.034,0.035,0.029,0.024,0.01,0.033,0.028,0.022,0.028,0.031,0.033,0.029,0.037,0.056,0.06,0.05,0.049,0.051,0.049,0.049,0.05,0.049,0.049,0.049

>n407441
0.032,0.026,0.037,0.022,0.034,0.04,0.018,0.033,0.033,0.032,0.036,0.02,0.018,0.028,0.029,0.026,0.064,0.055,0.052,0.054,0.052,0.051,0.053,0.052,0.052,0.053

>n407442
0.028,0.02,0.039,0.019,0.034,0.048,0.007,0.043,0.03,0.037,0.05,0.023,0.014,0.027,0.044,0.024,0.058,0.053,0.051,0.051,0.049,0.049,0.051,0.051,0.05,0.05

>n407444
0.021,0.023,0.037,0.015,0.034,0.05,0.022,0.031,0.032,0.039,0.043,0.018,0.009,0.025,0.031,0.013,0.065,0.058,0.053,0.056,0.055,0.052,0.054,0.054,0.055,0.055

>n407447
0.062,0.027,0.034,0.032,0.037,0.028,0.01,0.033,0.028,0.027,0.025,0.025,0.028,0.026,0.036,0.035,0.061,0.051,0.049,0.05,0.05,0.048,0.05,0.049,0.049,0.05

>n407464
0.028,0.034,0.041,0.023,0.049,0.045,0.012,0.034,0.034,0.03,0.029,0.023,0.015,0.03,0.033,0.019,0.063,0.053,0.048,0.053,0.052,0.048,0.051,0.052,0.049,0.052

>n407465
0.019,0.024,0.032,0.015,0.037,0.046,0.018,0.039,0.025,0.04,0.035,0.021,0.01,0.029,0.036,0.024,0.067,0.055,0.052,0.054,0.055,0.052,0.053,0.054,0.053,0.054

>n407466
0.043,0.018,0.033,0.031,0.028,0.02,0.011,0.027,0.032,0.024,0.033,0.036,0.022,0.025,0.048,0.045,0.062,0.054,0.05,0.052,0.051,0.051,0.051,0.05,0.051,0.052

>n407473
0.026,0.026,0.034,0.025,0.035,0.038,0.009,0.04,0.036,0.028,0.039,0.026,0.015,0.03,0.047,0.027,0.06,0.053,0.05,0.053,0.051,0.049,0.051,0.051,0.051,0.051

>n407500
0.015,0.025,0.033,0.011,0.04,0.054,0.014,0.036,0.023,0.038,0.052,0.024,0.006,0.027,0.039,0.019,0.063,0.053,0.054,0.054,0.054,0.052,0.054,0.053,0.053,0.052

>n407502
0.045,0.025,0.037,0.037,0.04,0.028,0.005,0.035,0.03,0.023,0.03,0.027,0.029,0.032,0.038,0.046,0.058,0.049,0.049,0.048,0.047,0.047,0.049,0.047,0.048,0.048

>n407513
0.037,0.024,0.039,0.025,0.038,0.04,0.009,0.04,0.036,0.031,0.032,0.026,0.015,0.033,0.044,0.025,0.059,0.052,0.047,0.051,0.05,0.046,0.052,0.051,0.049,0.049

>n407520
0.031,0.024,0.036,0.021,0.029,0.033,0.015,0.037,0.028,0.028,0.034,0.025,0.024,0.028,0.031,0.046,0.063,0.053,0.052,0.051,0.052,0.052,0.05,0.052,0.051,0.051

>n407534
0.061,0.026,0.035,0.034,0.041,0.026,0.007,0.033,0.031,0.024,0.027,0.024,0.023,0.031,0.036,0.045,0.056,0.051,0.048,0.048,0.047,0.05,0.049,0.048,0.051,0.047

>n407550
0.039,0.026,0.036,0.035,0.039,0.034,0.011,0.029,0.034,0.027,0.034,0.022,0.023,0.026,0.037,0.032,0.06,0.051,0.051,0.051,0.049,0.05,0.05,0.051,0.052,0.05

>n407553
0.044,0.025,0.038,0.022,0.035,0.043,0.022,0.02,0.033,0.032,0.033,0.018,0.017,0.02,0.023,0.029,0.066,0.058,0.047,0.057,0.056,0.048,0.054,0.056,0.05,0.055

>n407565
0.018,0.018,0.027,0.012,0.022,0.053,0.033,0.03,0.025,0.037,0.038,0.021,0.011,0.029,0.023,0.018,0.073,0.06,0.054,0.056,0.06,0.053,0.058,0.058,0.054,0.056

>n407566
0.041,0.026,0.054,0.023,0.041,0.028,0.01,0.028,0.045,0.034,0.036,0.02,0.017,0.019,0.035,0.025,0.062,0.052,0.05,0.051,0.051,0.051,0.05,0.051,0.049,0.051

>n407568
0.054,0.026,0.04,0.048,0.038,0.023,0.005,0.036,0.037,0.02,0.022,0.021,0.039,0.032,0.034,0.048,0.056,0.048,0.046,0.047,0.047,0.047,0.047,0.046,0.047,0.047

>n407569
0.035,0.024,0.042,0.022,0.04,0.032,0.013,0.029,0.034,0.032,0.038,0.025,0.014,0.026,0.036,0.026,0.063,0.053,0.052,0.053,0.051,0.053,0.053,0.05,0.052,0.051

>n407573
0.014,0.021,0.039,0.011,0.034,0.057,0.015,0.041,0.03,0.04,0.053,0.022,0.008,0.028,0.038,0.013,0.062,0.055,0.052,0.055,0.052,0.052,0.052,0.054,0.052,0.052

>n407574
0.041,0.025,0.036,0.033,0.035,0.032,0.011,0.031,0.035,0.025,0.032,0.021,0.025,0.028,0.033,0.051,0.058,0.052,0.05,0.051,0.049,0.049,0.048,0.051,0.049,0.049

>n407588
0.022,0.027,0.032,0.018,0.036,0.039,0.021,0.033,0.027,0.034,0.039,0.021,0.013,0.029,0.03,0.023,0.067,0.055,0.055,0.054,0.055,0.052,0.056,0.053,0.054,0.055

>n407602
0.059,0.025,0.041,0.035,0.037,0.018,0.013,0.028,0.039,0.028,0.03,0.015,0.026,0.024,0.028,0.039,0.06,0.053,0.048,0.053,0.049,0.052,0.051,0.052,0.049,0.051

>n407659
0.021,0.022,0.035,0.014,0.037,0.049,0.019,0.037,0.029,0.038,0.042,0.021,0.006,0.033,0.033,0.016,0.065,0.055,0.054,0.055,0.053,0.052,0.054,0.055,0.052,0.054

>n407661
0.055,0.031,0.033,0.042,0.037,0.022,0.003,0.038,0.031,0.018,0.022,0.025,0.038,0.029,0.038,0.058,0.057,0.046,0.047,0.048,0.047,0.046,0.047,0.048,0.045,0.047

>n407669
0.043,0.026,0.034,0.032,0.037,0.029,0.012,0.035,0.03,0.027,0.028,0.019,0.025,0.03,0.031,0.051,0.06,0.053,0.048,0.05,0.052,0.046,0.052,0.051,0.048,0.051

>n407685
0.037,0.025,0.032,0.032,0.032,0.023,0.013,0.036,0.032,0.027,0.026,0.028,0.024,0.03,0.041,0.041,0.063,0.053,0.048,0.053,0.051,0.05,0.05,0.052,0.049,0.052

>n407687
0.029,0.03,0.032,0.02,0.037,0.037,0.017,0.035,0.03,0.031,0.039,0.022,0.015,0.029,0.034,0.02,0.064,0.055,0.051,0.055,0.054,0.052,0.053,0.054,0.052,0.053

>n407707
0.028,0.023,0.043,0.017,0.039,0.05,0.013,0.034,0.034,0.037,0.044,0.019,0.01,0.026,0.033,0.02,0.06,0.055,0.051,0.055,0.051,0.05,0.052,0.052,0.053,0.052

>n407721
0.037,0.026,0.025,0.047,0.034,0.026,0.007,0.034,0.021,0.022,0.022,0.03,0.043,0.028,0.041,0.056,0.062,0.048,0.048,0.049,0.049,0.05,0.048,0.05,0.048,0.049

>n407729
0.035,0.027,0.042,0.032,0.04,0.035,0.008,0.039,0.041,0.028,0.031,0.022,0.02,0.031,0.041,0.031,0.058,0.052,0.048,0.05,0.048,0.048,0.049,0.049,0.047,0.048

>n407749
0.054,0.022,0.035,0.04,0.028,0.018,0.006,0.034,0.034,0.022,0.029,0.029,0.034,0.024,0.044,0.059,0.057,0.049,0.046,0.05,0.048,0.048,0.048,0.048,0.048,0.049

>n407761
0.045,0.027,0.029,0.036,0.029,0.026,0.013,0.036,0.031,0.026,0.023,0.022,0.032,0.025,0.038,0.046,0.062,0.05,0.052,0.051,0.05,0.051,0.05,0.051,0.049,0.051

>n407766
0.027,0.028,0.034,0.01,0.037,0.045,0.024,0.028,0.027,0.04,0.049,0.015,0.008,0.02,0.024,0.011,0.068,0.056,0.058,0.056,0.057,0.056,0.055,0.058,0.055,0.056

>n407771
0.023,0.017,0.031,0.019,0.029,0.037,0.023,0.032,0.024,0.041,0.04,0.019,0.016,0.025,0.03,0.03,0.068,0.057,0.053,0.057,0.056,0.054,0.055,0.055,0.054,0.055

>n407775
0.017,0.02,0.038,0.013,0.036,0.042,0.018,0.035,0.028,0.044,0.048,0.018,0.008,0.025,0.034,0.021,0.065,0.057,0.054,0.055,0.054,0.053,0.056,0.055,0.052,0.053

>n407851
0.034,0.032,0.037,0.021,0.045,0.042,0.01,0.04,0.027,0.033,0.033,0.021,0.017,0.03,0.034,0.026,0.061,0.051,0.051,0.051,0.052,0.051,0.05,0.051,0.05,0.051

>n407852
0.049,0.023,0.044,0.034,0.036,0.024,0.007,0.031,0.037,0.026,0.029,0.027,0.028,0.025,0.039,0.042,0.059,0.051,0.048,0.05,0.049,0.048,0.05,0.049,0.048,0.049

>n407854
0.043,0.023,0.044,0.028,0.036,0.026,0.011,0.03,0.039,0.03,0.033,0.024,0.021,0.025,0.037,0.033,0.061,0.053,0.049,0.052,0.051,0.05,0.051,0.05,0.05,0.05

>n407887
0.041,0.022,0.036,0.037,0.026,0.021,0.01,0.027,0.031,0.021,0.031,0.034,0.038,0.021,0.04,0.049,0.062,0.05,0.051,0.05,0.051,0.051,0.049,0.051,0.05,0.051

>n407918
0.015,0.017,0.03,0.008,0.024,0.05,0.034,0.026,0.026,0.045,0.047,0.015,0.006,0.021,0.022,0.013,0.073,0.06,0.058,0.06,0.059,0.057,0.059,0.058,0.059,0.059

>n407922
0.044,0.024,0.038,0.032,0.04,0.03,0.007,0.034,0.03,0.026,0.035,0.025,0.024,0.032,0.035,0.042,0.058,0.051,0.049,0.05,0.048,0.048,0.051,0.049,0.048,0.049

>n407936
0.06,0.024,0.044,0.043,0.035,0.018,0.004,0.032,0.04,0.018,0.019,0.03,0.035,0.03,0.04,0.049,0.056,0.048,0.046,0.047,0.047,0.047,0.047,0.047,0.047,0.046

>n407937
0.026,0.022,0.045,0.017,0.031,0.032,0.021,0.029,0.041,0.034,0.033,0.024,0.012,0.025,0.033,0.023,0.067,0.055,0.053,0.055,0.054,0.052,0.055,0.055,0.052,0.054

>n407963
0.034,0.022,0.044,0.029,0.038,0.03,0.01,0.031,0.034,0.027,0.038,0.028,0.023,0.03,0.035,0.032,0.061,0.051,0.052,0.049,0.051,0.05,0.052,0.049,0.051,0.052

>n407992
0.039,0.024,0.036,0.03,0.034,0.031,0.011,0.037,0.033,0.025,0.032,0.024,0.022,0.034,0.035,0.045,0.06,0.051,0.049,0.051,0.049,0.051,0.048,0.05,0.049,0.05

>n408014
0.026,0.017,0.037,0.025,0.03,0.039,0.01,0.04,0.034,0.031,0.04,0.03,0.015,0.032,0.047,0.032,0.06,0.052,0.05,0.05,0.051,0.05,0.051,0.049,0.051,0.05

>n408016
0.035,0.028,0.035,0.026,0.035,0.037,0.011,0.043,0.035,0.023,0.029,0.028,0.018,0.04,0.039,0.031,0.059,0.051,0.048,0.051,0.049,0.048,0.047,0.052,0.048,0.052

>n408020
0.05,0.025,0.041,0.033,0.036,0.03,0.006,0.036,0.037,0.022,0.029,0.027,0.027,0.031,0.039,0.046,0.057,0.049,0.047,0.048,0.048,0.047,0.048,0.048,0.048,0.048

>n408024
0.044,0.023,0.036,0.034,0.029,0.021,0.012,0.034,0.038,0.024,0.026,0.028,0.026,0.027,0.043,0.04,0.062,0.052,0.048,0.051,0.051,0.05,0.049,0.05,0.052,0.048

>n408032
0.041,0.027,0.043,0.026,0.037,0.034,0.007,0.039,0.043,0.026,0.036,0.024,0.016,0.031,0.043,0.029,0.057,0.05,0.048,0.05,0.049,0.049,0.049,0.05,0.047,0.048

>n408051
0.048,0.025,0.033,0.048,0.031,0.015,0.009,0.027,0.037,0.016,0.019,0.029,0.038,0.026,0.039,0.067,0.059,0.048,0.048,0.05,0.047,0.047,0.05,0.048,0.047,0.048

>n408055
0.057,0.025,0.037,0.046,0.037,0.023,0.003,0.033,0.032,0.02,0.02,0.028,0.038,0.029,0.039,0.058,0.056,0.048,0.047,0.047,0.046,0.046,0.047,0.046,0.046,0.047

>n408071
0.034,0.026,0.046,0.027,0.043,0.031,0.01,0.03,0.037,0.025,0.032,0.028,0.019,0.032,0.034,0.035,0.06,0.052,0.049,0.05,0.05,0.05,0.05,0.051,0.049,0.051

>n408075
0.032,0.022,0.041,0.025,0.029,0.027,0.015,0.037,0.035,0.03,0.033,0.025,0.023,0.028,0.035,0.035,0.065,0.053,0.05,0.053,0.053,0.048,0.053,0.052,0.051,0.052

>n408108
0.035,0.026,0.036,0.024,0.038,0.045,0.012,0.042,0.031,0.03,0.033,0.022,0.017,0.035,0.035,0.025,0.06,0.053,0.049,0.05,0.051,0.05,0.049,0.051,0.049,0.05

>n408116
0.034,0.023,0.04,0.027,0.034,0.031,0.011,0.033,0.034,0.029,0.034,0.028,0.021,0.026,0.041,0.037,0.062,0.052,0.049,0.052,0.051,0.05,0.051,0.05,0.051,0.05

>n408119
0.028,0.019,0.04,0.018,0.03,0.033,0.016,0.033,0.032,0.036,0.036,0.025,0.015,0.025,0.037,0.033,0.064,0.054,0.052,0.056,0.052,0.052,0.052,0.052,0.054,0.053

>n408123
0.022,0.019,0.038,0.019,0.028,0.035,0.022,0.027,0.035,0.035,0.047,0.024,0.013,0.023,0.033,0.021,0.066,0.058,0.054,0.056,0.056,0.049,0.057,0.056,0.052,0.056

>n408131
0.05,0.028,0.045,0.035,0.037,0.026,0.005,0.034,0.041,0.02,0.028,0.027,0.03,0.03,0.037,0.04,0.056,0.048,0.049,0.048,0.049,0.046,0.048,0.049,0.046,0.048

>n408146
0.03,0.025,0.041,0.022,0.033,0.036,0.01,0.037,0.036,0.027,0.041,0.026,0.019,0.028,0.038,0.033,0.061,0.053,0.05,0.051,0.052,0.048,0.052,0.051,0.049,0.052

>n408176
0.029,0.019,0.033,0.02,0.024,0.034,0.025,0.023,0.028,0.032,0.041,0.025,0.02,0.022,0.026,0.027,0.07,0.054,0.057,0.057,0.055,0.055,0.056,0.057,0.053,0.057

>n408189
0.021,0.02,0.028,0.014,0.025,0.052,0.033,0.028,0.024,0.037,0.035,0.018,0.013,0.028,0.019,0.023,0.071,0.058,0.057,0.057,0.056,0.057,0.055,0.058,0.056,0.056

>n408191
0.015,0.018,0.033,0.015,0.033,0.039,0.014,0.046,0.025,0.031,0.044,0.032,0.01,0.043,0.041,0.029,0.063,0.054,0.053,0.053,0.052,0.051,0.051,0.053,0.051,0.051

>n408200
0.029,0.027,0.027,0.052,0.041,0.029,0.005,0.026,0.021,0.017,0.02,0.027,0.044,0.028,0.033,0.094,0.058,0.047,0.047,0.047,0.046,0.049,0.045,0.045,0.05,0.045

>n408211
0.074,0.024,0.029,0.053,0.028,0.014,0.003,0.036,0.029,0.018,0.022,0.024,0.049,0.025,0.039,0.055,0.057,0.042,0.05,0.047,0.047,0.047,0.046,0.05,0.045,0.045

>n408220
0.044,0.024,0.04,0.031,0.034,0.023,0.014,0.025,0.037,0.026,0.033,0.025,0.023,0.022,0.035,0.031,0.063,0.054,0.049,0.054,0.052,0.051,0.051,0.05,0.052,0.053

>n408221
0.022,0.017,0.026,0.013,0.025,0.033,0.032,0.037,0.023,0.044,0.04,0.016,0.009,0.032,0.025,0.018,0.072,0.058,0.058,0.058,0.057,0.058,0.055,0.057,0.058,0.058

>n408239
0.016,0.026,0.034,0.013,0.039,0.069,0.018,0.045,0.028,0.036,0.037,0.018,0.007,0.04,0.029,0.016,0.063,0.054,0.051,0.051,0.054,0.05,0.051,0.052,0.052,0.051

>n408241
0.035,0.02,0.031,0.028,0.024,0.026,0.02,0.029,0.029,0.027,0.035,0.027,0.025,0.025,0.033,0.041,0.065,0.055,0.051,0.055,0.055,0.051,0.053,0.054,0.051,0.054

>n408255
0.02,0.023,0.03,0.015,0.036,0.052,0.021,0.035,0.026,0.04,0.039,0.021,0.006,0.03,0.035,0.015,0.067,0.057,0.056,0.054,0.054,0.052,0.055,0.054,0.056,0.052

>n408277
0.087,0.035,0.036,0.053,0.042,0.019,0.003,0.03,0.047,0.013,0.02,0.013,0.035,0.028,0.033,0.05,0.051,0.048,0.044,0.043,0.045,0.046,0.044,0.044,0.044,0.046

>n408292
0.036,0.021,0.041,0.027,0.034,0.04,0.009,0.036,0.035,0.029,0.035,0.026,0.02,0.029,0.04,0.033,0.06,0.051,0.049,0.05,0.05,0.05,0.049,0.049,0.051,0.048

>n408302
0.045,0.026,0.03,0.027,0.034,0.035,0.017,0.03,0.029,0.025,0.036,0.024,0.021,0.029,0.03,0.027,0.062,0.054,0.052,0.053,0.054,0.046,0.055,0.05,0.055,0.054

>n408309
0.032,0.02,0.026,0.03,0.027,0.031,0.014,0.039,0.022,0.03,0.029,0.028,0.026,0.03,0.04,0.049,0.064,0.052,0.049,0.053,0.053,0.051,0.05,0.053,0.05,0.052

>n408324
0.047,0.027,0.039,0.032,0.039,0.022,0.012,0.031,0.044,0.024,0.029,0.022,0.016,0.03,0.04,0.036,0.06,0.052,0.05,0.049,0.05,0.051,0.049,0.05,0.052,0.047

>n408331
0.031,0.028,0.04,0.026,0.044,0.041,0.013,0.03,0.036,0.034,0.031,0.022,0.015,0.026,0.039,0.018,0.063,0.052,0.052,0.05,0.054,0.048,0.052,0.051,0.05,0.053

>n408335
0.05,0.025,0.038,0.031,0.032,0.023,0.008,0.035,0.035,0.025,0.026,0.028,0.027,0.025,0.042,0.048,0.06,0.051,0.049,0.05,0.048,0.047,0.05,0.05,0.049,0.049

>n408340
0.017,0.018,0.026,0.011,0.021,0.042,0.032,0.032,0.022,0.043,0.039,0.017,0.012,0.026,0.023,0.023,0.073,0.058,0.058,0.06,0.056,0.057,0.059,0.055,0.061,0.059

>n408342
0.025,0.02,0.033,0.017,0.027,0.035,0.03,0.023,0.03,0.036,0.043,0.019,0.014,0.023,0.022,0.02,0.071,0.058,0.056,0.059,0.057,0.055,0.057,0.058,0.056,0.056

>n408349
0.041,0.027,0.036,0.038,0.04,0.025,0.007,0.036,0.035,0.026,0.024,0.025,0.026,0.03,0.043,0.043,0.059,0.049,0.047,0.051,0.048,0.047,0.049,0.049,0.048,0.049

>n408353
0.062,0.024,0.041,0.038,0.031,0.018,0.007,0.027,0.037,0.02,0.027,0.027,0.035,0.021,0.037,0.051,0.057,0.051,0.048,0.049,0.049,0.047,0.048,0.048,0.049,0.049

>n408354
0.063,0.023,0.041,0.039,0.029,0.016,0.007,0.028,0.037,0.02,0.028,0.027,0.036,0.022,0.036,0.057,0.056,0.05,0.048,0.048,0.049,0.047,0.048,0.047,0.048,0.049

