Data type: protein sequences
Mode: AC
Physicochemical properties: ['Hydrophobicity', 'Hydrophilicity']
Lag: 10

>Q07955
-0.095,-0.156,0.301,0.095,0.002,0.02,0.179,-0.064,0.048,0.004,0.013,-0.094,0.018,0.001,0.149,-0.119,0.013,-0.015,0.097,0.013

>Q01844
-0.034,0.013,-0.01,0.042,-0.007,0.045,0.021,-0.012,0.007,0.029,-0.032,0.054,0.031,0.025,0.03,0.04,0.051,0.057,-0.023,0.005

>Q9UL18
-0.087,-0.043,-0.024,0.002,-0.005,-0.002,-0.008,0.029,-0.038,-0.057,-0.047,-0.042,0.057,0.066,0.002,0.012,-0.067,-0.056,-0.034,-0.03

>Q9UKV8
-0.068,-0.039,-0.018,-0.006,-0.014,-0.012,-0.016,0.024,-0.025,-0.063,-0.048,-0.038,0.039,0.062,0.015,0.001,-0.051,-0.05,-0.07,-0.048

>Q9H9G7
-0.062,-0.027,-0.054,-0.016,0.021,-0.021,-0.01,0.017,-0.052,-0.065,-0.037,-0.019,0.048,0.047,-0.016,0.021,-0.036,-0.027,-0.062,-0.05

>Q9HCK5
-0.054,-0.017,-0.017,-0.018,0.015,0.005,-0.035,0.024,-0.031,-0.073,-0.021,-0.021,0.014,0.063,-0.006,-0.004,-0.029,-0.032,-0.042,-0.016

>Q15717
-0.123,0.002,-0.1,-0.038,0.121,0.125,-0.027,0.029,0.055,-0.025,-0.122,-0.098,-0.087,-0.06,-0.058,-0.055,-0.022,-0.01,-0.075,-0.122

>B7ZL34
0.038,-0.001,-0.104,-0.04,-0.01,0.026,0.047,0.031,0.018,0.056,-0.047,0.005,-0.026,0.05,0.054,0.087,0.079,0.041,0.081,0.056

>Q9NZI8
-0.061,-0.019,0.018,-0.008,0.003,-0.056,0.111,0.079,-0.05,-0.004,0.003,-0.011,0.024,0.033,0.035,0.047,-0.019,-0.019,0.036,0.018

>P26599
-0.073,0.008,0.018,0.008,0.054,0.023,-0.044,-0.005,0.051,0.03,-0.03,-0.059,0.086,0.02,0.022,0.009,0.043,-0.018,0.059,0.039

>O00425
-0.076,-0.03,0.019,-0.013,-0.007,-0.03,0.086,0.059,0.016,0.008,0.024,-0.008,-0.001,0.034,0.095,0.069,-0.005,-0.035,0.085,0.026

>P35637
-0.017,-0.013,0.033,0.054,-0.016,0.008,0.018,-0.007,0.07,0.026,0.017,0.04,-0.025,0.024,0.012,0.002,-0.001,0.036,-0.009,0.016

>P31483
-0.032,0.005,-0.077,-0.072,0.034,0.007,-0.039,0.014,0.079,0.065,-0.111,-0.075,-0.154,-0.094,-0.049,-0.051,0.047,0.041,-0.014,-0.025

>Q9HCE1
-0.098,-0.079,0.016,0.075,0.006,0.008,-0.035,-0.011,-0.094,-0.103,-0.03,0.003,0.012,0.011,-0.034,-0.07,0.008,0.078,-0.015,-0.022

>Q86X94
0.003,0.046,-0.054,-0.003,-0.081,-0.09,-0.016,-0.13,-0.018,-0.09,0.017,0.016,0.056,0.056,0.087,0.107,0.064,0.091,0.019,0.033

>Q49AS9
-0.051,-0.024,-0.05,-0.054,0.025,0.011,-0.027,-0.015,0.083,0.096,-0.038,0.016,-0.066,-0.052,-0.012,-0.018,0.043,0.022,-0.016,-0.015

>Q13148
0.021,0.018,0.011,-0.015,0.119,0.094,-0.008,0.065,-0.002,0.011,0.007,-0.054,0.024,0.03,0.031,0.032,-0.015,0.0,-0.019,-0.027

>Q9Y6M1
-0.078,-0.019,-0.042,-0.014,-0.024,-0.022,0.094,0.049,-0.031,0.008,0.051,0.016,-0.008,0.039,0.063,0.051,0.012,-0.004,0.016,0.024

>Q96PU8
-0.028,0.053,-0.003,0.02,0.078,0.032,0.16,0.141,-0.079,0.0,0.041,0.033,0.029,0.038,-0.073,-0.042,-0.057,-0.015,0.052,0.067

>O43251
-0.053,-0.02,0.093,0.02,-0.0,-0.002,0.015,0.038,0.099,0.064,-0.004,-0.004,0.06,0.003,-0.049,-0.03,0.067,0.044,-0.037,0.017

>Q8NDV7
0.009,0.025,-0.013,0.002,-0.0,0.043,0.023,0.025,0.02,0.011,0.032,0.041,-0.003,0.007,0.012,0.014,0.047,0.02,0.015,0.029

>Q9UPQ9
0.034,0.014,-0.011,0.003,0.026,0.032,0.015,-0.0,0.01,0.009,0.021,0.02,0.015,0.01,-0.01,0.004,0.041,0.029,0.005,0.013

>Q9HCJ0
0.01,0.019,-0.041,-0.015,-0.021,0.01,0.019,0.024,-0.009,-0.014,-0.004,-0.006,0.02,0.015,0.004,-0.003,0.022,-0.002,-0.035,0.007

>Q13285
0.026,-0.005,0.04,0.006,0.06,0.032,-0.057,-0.029,0.132,0.057,-0.044,-0.078,0.054,-0.002,0.041,-0.023,0.024,-0.06,0.059,0.047

>Q6PJX3
-0.081,-0.008,-0.01,0.03,-0.004,0.004,0.212,0.178,0.005,0.022,0.067,0.038,-0.082,0.017,0.005,0.053,0.12,0.094,-0.118,-0.046

