>Q07955
0.018,0.004,0.036,0.02,0.013,0.063,0.005,0.013,0.014,0.011,0.005,0.013,0.03,0.002,0.077,0.05,0.013,0.03,0.002,0.027,0.062,0.048,0.056,0.054,0.056,0.058,0.056,0.056,0.056,0.054

>Q01844
0.034,0.004,0.029,0.013,0.013,0.118,0.004,0.003,0.016,0.013,0.019,0.015,0.068,0.053,0.04,0.052,0.04,0.013,0.003,0.038,0.043,0.042,0.041,0.042,0.041,0.041,0.04,0.04,0.039,0.042

>Q9UL18
0.031,0.011,0.022,0.023,0.018,0.03,0.014,0.031,0.03,0.034,0.011,0.015,0.032,0.03,0.03,0.021,0.025,0.039,0.004,0.022,0.055,0.052,0.052,0.051,0.054,0.054,0.049,0.051,0.055,0.053

>Q9UKV8
0.03,0.012,0.022,0.023,0.022,0.029,0.018,0.027,0.029,0.034,0.012,0.012,0.032,0.032,0.032,0.024,0.03,0.039,0.003,0.016,0.054,0.052,0.052,0.051,0.053,0.053,0.049,0.051,0.054,0.054

>Q9H9G7
0.029,0.012,0.023,0.022,0.019,0.03,0.018,0.025,0.026,0.036,0.012,0.012,0.031,0.027,0.034,0.023,0.031,0.042,0.003,0.019,0.054,0.053,0.052,0.052,0.055,0.053,0.049,0.052,0.053,0.055

>Q9HCK5
0.029,0.011,0.022,0.022,0.017,0.033,0.016,0.024,0.028,0.037,0.014,0.014,0.032,0.034,0.03,0.025,0.029,0.043,0.004,0.019,0.053,0.052,0.05,0.051,0.053,0.052,0.049,0.051,0.053,0.053

>Q15717
0.034,0.004,0.024,0.022,0.027,0.043,0.012,0.028,0.027,0.033,0.015,0.034,0.018,0.018,0.03,0.042,0.024,0.033,0.003,0.015,0.053,0.053,0.044,0.05,0.049,0.055,0.053,0.053,0.051,0.055

>B7ZL34
0.056,0.006,0.024,0.025,0.02,0.05,0.013,0.02,0.02,0.047,0.012,0.024,0.036,0.049,0.024,0.048,0.025,0.028,0.002,0.016,0.046,0.051,0.046,0.045,0.045,0.048,0.046,0.043,0.044,0.043

>Q9NZI8
0.046,0.005,0.015,0.039,0.012,0.034,0.012,0.037,0.04,0.03,0.009,0.021,0.028,0.038,0.025,0.031,0.023,0.037,0.002,0.01,0.053,0.051,0.052,0.046,0.052,0.051,0.049,0.049,0.052,0.05

>P26599
0.052,0.003,0.025,0.017,0.024,0.038,0.015,0.029,0.033,0.053,0.012,0.037,0.028,0.029,0.018,0.047,0.023,0.038,0.0,0.01,0.05,0.047,0.046,0.049,0.046,0.05,0.045,0.047,0.047,0.045

>O00425
0.039,0.005,0.016,0.039,0.014,0.034,0.01,0.04,0.041,0.039,0.007,0.021,0.035,0.036,0.022,0.033,0.026,0.033,0.002,0.009,0.054,0.051,0.052,0.047,0.05,0.05,0.05,0.047,0.052,0.048

>P35637
0.015,0.005,0.03,0.013,0.015,0.173,0.003,0.009,0.016,0.003,0.009,0.027,0.031,0.059,0.042,0.077,0.022,0.006,0.003,0.041,0.042,0.039,0.042,0.041,0.038,0.039,0.041,0.04,0.04,0.04

>P31483
0.036,0.008,0.019,0.024,0.022,0.051,0.011,0.022,0.026,0.018,0.021,0.03,0.032,0.048,0.018,0.04,0.033,0.036,0.014,0.024,0.046,0.049,0.044,0.046,0.041,0.05,0.052,0.048,0.043,0.046

>Q9HCE1
0.024,0.007,0.022,0.03,0.021,0.033,0.013,0.019,0.026,0.061,0.008,0.012,0.033,0.018,0.034,0.027,0.023,0.029,0.005,0.015,0.057,0.051,0.053,0.054,0.058,0.054,0.053,0.055,0.051,0.054

>Q86X94
0.008,0.004,0.051,0.014,0.012,0.162,0.006,0.007,0.015,0.002,0.006,0.024,0.017,0.039,0.052,0.057,0.013,0.006,0.002,0.05,0.044,0.047,0.05,0.05,0.048,0.045,0.042,0.04,0.041,0.044

>Q49AS9
0.037,0.007,0.017,0.017,0.024,0.063,0.009,0.017,0.026,0.011,0.02,0.028,0.044,0.059,0.017,0.037,0.028,0.042,0.017,0.028,0.047,0.048,0.044,0.046,0.04,0.045,0.048,0.045,0.043,0.045

>Q13148
0.033,0.008,0.028,0.028,0.028,0.07,0.006,0.018,0.025,0.027,0.023,0.036,0.02,0.03,0.025,0.052,0.019,0.032,0.008,0.01,0.047,0.049,0.043,0.047,0.048,0.05,0.047,0.047,0.049,0.049

>Q9Y6M1
0.041,0.002,0.015,0.041,0.017,0.037,0.016,0.041,0.034,0.036,0.007,0.019,0.031,0.031,0.025,0.031,0.027,0.031,0.002,0.012,0.053,0.052,0.052,0.047,0.051,0.049,0.05,0.048,0.051,0.05

>Q96PU8
0.048,0.003,0.02,0.039,0.007,0.03,0.009,0.027,0.035,0.048,0.019,0.02,0.048,0.016,0.029,0.016,0.032,0.03,0.001,0.016,0.051,0.051,0.049,0.045,0.054,0.05,0.05,0.055,0.054,0.049

>O43251
0.073,0.0,0.022,0.022,0.023,0.062,0.012,0.016,0.013,0.027,0.007,0.023,0.049,0.029,0.029,0.037,0.046,0.035,0.001,0.036,0.047,0.042,0.045,0.043,0.04,0.045,0.043,0.047,0.042,0.045

>Q8NDV7
0.028,0.004,0.023,0.028,0.009,0.058,0.009,0.016,0.028,0.033,0.012,0.049,0.045,0.043,0.02,0.086,0.035,0.023,0.018,0.005,0.043,0.044,0.043,0.043,0.043,0.042,0.044,0.043,0.042,0.043

>Q9UPQ9
0.034,0.005,0.027,0.025,0.009,0.068,0.009,0.011,0.03,0.032,0.012,0.044,0.057,0.039,0.018,0.078,0.036,0.02,0.02,0.005,0.042,0.043,0.041,0.042,0.042,0.042,0.042,0.043,0.041,0.042

>Q9HCJ0
0.045,0.003,0.023,0.02,0.006,0.071,0.012,0.015,0.023,0.039,0.012,0.047,0.054,0.036,0.017,0.08,0.039,0.023,0.019,0.003,0.04,0.043,0.042,0.04,0.042,0.042,0.04,0.041,0.041,0.042

>Q13285
0.037,0.018,0.024,0.029,0.019,0.036,0.013,0.014,0.029,0.067,0.013,0.013,0.044,0.032,0.026,0.018,0.017,0.026,0.002,0.019,0.05,0.05,0.049,0.053,0.046,0.054,0.05,0.05,0.052,0.048

>Q6PJX3
0.031,0.0,0.005,0.043,0.019,0.031,0.005,0.014,0.065,0.038,0.012,0.026,0.046,0.019,0.026,0.026,0.007,0.036,0.0,0.019,0.057,0.054,0.054,0.045,0.053,0.051,0.055,0.052,0.049,0.057

