>n408890
0.001,-0.647,0.032,-0.448,0.0,0.007,0.0,0.081,0.033,-0.144,-0.0,-0.0,0.0,0.049,0.008,0.042,0.0,0.001,0.0,-0.059,0.024,-0.024,0.0,0.002,0.0,0.06,0.015,0.008,0.0,0.002,0.0,0.159,0.02,0.055,0.001,0.003,0.0,0.157,0.001,0.053,0.001,0.001,0.0,-0.048,-0.002,-0.069,0.0,0.001,0.0,0.178,0.013,0.072,0.001,0.001,0.0,0.066,0.021,0.049,0.001,0.002

>n408895
0.001,-0.847,0.043,-0.427,-0.001,0.006,0.0,-0.028,-0.01,-0.057,-0.0,-0.002,0.0,-0.014,0.016,0.044,-0.0,-0.0,-0.0,-0.044,0.009,0.086,-0.0,0.001,0.0,-0.025,-0.001,-0.032,-0.0,0.001,0.0,0.002,0.021,0.08,0.0,0.001,0.0,-0.054,0.013,0.023,0.0,0.001,0.0,0.004,0.008,-0.041,0.0,0.0,0.0,0.03,0.016,0.092,0.0,0.001,0.0,-0.002,-0.009,0.085,0.0,0.0

>n409083
0.001,-0.866,0.066,-0.269,-0.0,0.006,-0.0,0.115,0.009,-0.023,0.0,0.001,-0.0,0.006,-0.004,0.002,0.0,0.001,0.0,-0.096,0.003,-0.046,0.0,0.0,0.0,-0.011,0.006,0.022,0.0,0.001,0.0,0.085,0.019,0.004,-0.0,0.001,0.0,0.033,0.002,-0.001,0.0,0.001,0.0,-0.057,0.014,-0.014,0.0,0.001,0.0,0.093,0.006,0.025,0.0,0.001,0.0,0.041,0.011,0.004,-0.0,0.001

>n409084
0.001,-0.679,0.023,-0.394,-0.0,0.006,-0.0,0.033,-0.004,-0.12,-0.0,-0.0,-0.0,-0.046,0.008,0.044,-0.0,0.0,0.0,-0.041,0.004,-0.112,0.0,0.001,0.0,0.207,0.008,0.031,0.0,0.001,0.0,0.131,0.015,0.051,0.0,0.002,0.0,0.05,-0.008,-0.033,0.0,0.001,-0.0,0.021,0.005,-0.035,0.0,0.001,0.001,0.038,0.009,0.05,0.0,0.001,0.0,0.117,-0.001,0.006,0.0,0.002

>n409115
0.001,-0.554,0.015,-0.522,-0.0,0.005,0.0,-0.067,-0.001,-0.275,-0.0,-0.001,0.0,0.022,0.009,0.09,-0.0,-0.0,0.0,-0.176,0.02,-0.009,0.0,0.0,0.0,0.165,-0.001,0.02,-0.0,0.0,0.0,0.199,0.016,0.037,-0.0,0.001,-0.0,-0.411,0.001,0.023,-0.0,-0.0,0.0,0.04,-0.003,0.08,-0.0,0.0,-0.0,0.04,0.007,-0.079,-0.0,0.002,0.0,-0.024,0.016,0.036,0.0,0.001

>n409143
0.001,-0.674,0.062,-0.503,0.0,0.008,-0.0,0.181,0.001,-0.074,-0.0,0.001,0.0,0.001,-0.005,0.047,-0.0,0.001,0.0,0.043,0.016,-0.088,-0.0,0.001,0.0,-0.022,0.007,0.023,0.0,0.002,0.0,0.157,0.006,0.013,0.0,0.002,0.0,0.043,-0.002,0.046,0.0,0.001,0.001,-0.052,0.013,0.011,0.0,0.001,0.0,0.075,0.006,0.017,0.0,0.002,0.0,-0.059,0.011,-0.006,0.0,0.001

>n409149
0.001,-0.774,0.066,-0.44,-0.0,0.007,0.0,-0.036,0.003,-0.073,-0.0,0.002,0.0,0.104,0.022,0.051,0.0,0.002,0.001,0.041,0.024,-0.037,0.0,0.003,0.0,-0.015,0.009,-0.02,0.0,0.003,0.001,0.139,0.014,-0.023,0.0,0.002,0.0,0.116,-0.007,-0.011,0.0,0.002,0.0,-0.07,-0.015,-0.022,0.0,0.002,0.0,0.113,0.012,0.062,-0.0,0.003,0.0,0.038,-0.001,-0.089,-0.0,0.002

>n409152
0.001,-0.7,0.073,-0.346,-0.0,0.007,0.0,0.018,0.019,-0.106,0.0,0.002,0.001,0.069,0.018,0.021,0.0,0.002,0.0,-0.034,0.016,-0.024,0.0,0.002,0.0,0.05,0.025,-0.005,0.0,0.002,0.0,0.156,0.023,0.048,0.0,0.002,0.0,-0.025,0.026,-0.03,0.0,0.002,0.0,0.168,0.026,0.02,0.0,0.002,0.001,0.005,0.014,0.015,0.0,0.002,0.0,0.139,0.02,-0.026,0.0,0.002

>n409156
0.0,-0.826,0.024,-0.565,-0.0,0.006,0.0,-0.074,0.01,-0.149,-0.0,0.0,0.001,0.133,0.017,0.161,0.0,0.001,0.0,-0.209,0.025,-0.063,-0.0,0.001,0.0,0.049,0.021,-0.048,-0.001,0.001,0.0,0.197,0.006,0.076,-0.0,0.002,-0.0,-0.204,-0.003,-0.085,-0.001,0.0,-0.0,0.037,0.011,-0.048,-0.0,0.0,0.001,-0.108,0.005,0.056,-0.0,0.0,0.0,0.035,0.013,0.076,0.0,0.002

>n409159
0.001,-0.778,0.017,-0.452,-0.0,0.006,-0.0,-0.118,0.001,-0.072,-0.0,-0.001,0.0,0.108,-0.003,0.027,0.0,0.002,0.0,-0.037,0.005,-0.033,0.0,0.001,-0.0,0.048,-0.01,-0.041,0.0,0.0,0.0,0.196,-0.0,0.054,0.0,0.001,0.0,-0.054,0.007,-0.021,0.0,0.0,-0.0,-0.022,-0.001,0.015,0.0,0.001,0.0,0.174,0.01,-0.002,0.0,0.001,-0.0,-0.032,-0.009,0.045,-0.0,0.0

>n409170
0.0,-0.929,-0.009,-0.989,-0.0,0.004,0.0,-0.002,-0.011,-0.238,-0.001,-0.002,-0.0,-0.188,0.005,0.057,-0.0,-0.0,-0.0,0.073,-0.002,-0.055,-0.0,0.001,0.0,0.184,0.007,0.082,-0.0,0.001,0.0,0.17,0.004,0.063,-0.0,0.001,0.0,-0.162,0.002,0.054,-0.0,0.0,0.0,0.134,-0.009,0.117,-0.0,-0.0,-0.0,-0.045,0.011,-0.016,-0.0,0.001,0.0,0.142,-0.012,0.106,-0.0,0.0

>n409172
0.001,-0.836,0.039,-0.422,-0.0,0.007,0.0,0.021,0.017,-0.054,-0.0,-0.0,0.0,-0.157,0.007,0.036,0.0,0.0,0.0,0.108,0.012,0.029,0.0,0.001,0.0,-0.102,0.01,-0.049,-0.0,0.001,0.0,0.14,0.008,0.046,-0.0,0.001,0.0,-0.132,0.0,0.007,-0.0,0.001,-0.0,0.123,0.011,0.014,-0.0,0.001,0.0,-0.01,0.012,0.03,0.0,0.001,0.0,0.141,0.015,0.033,-0.0,0.001

>n409179
0.001,-0.899,0.024,-0.589,-0.0,0.007,0.0,0.205,0.032,-0.122,-0.0,0.002,0.0,-0.129,0.01,-0.039,-0.0,0.002,0.0,0.139,0.014,-0.07,0.001,0.002,0.0,0.016,0.008,0.005,0.0,0.002,-0.0,0.06,0.003,-0.035,0.0,0.003,0.0,0.094,0.01,-0.023,0.0,0.002,0.0,0.012,0.001,-0.046,0.001,0.002,0.0,0.141,-0.0,0.005,0.0,0.003,0.0,0.223,0.003,-0.007,0.0,0.003

>n409180
0.001,-0.929,0.038,-0.355,-0.0,0.006,0.0,0.103,0.019,0.01,0.0,-0.0,-0.0,-0.126,-0.001,-0.021,-0.0,-0.0,-0.0,0.041,-0.003,-0.038,-0.0,0.001,0.0,-0.024,0.012,-0.063,-0.0,0.001,-0.0,-0.055,0.019,0.006,-0.0,0.001,0.0,0.112,0.01,-0.064,-0.0,0.001,-0.0,-0.104,0.017,-0.038,0.0,0.001,0.0,0.214,0.0,-0.043,0.0,0.001,0.0,-0.182,0.01,-0.036,-0.0,0.001

>n409183
0.001,-0.842,0.036,-0.536,-0.0,0.006,0.0,0.001,0.011,-0.098,-0.0,-0.0,0.001,0.038,-0.01,0.097,-0.0,0.001,0.0,-0.044,-0.015,-0.112,-0.0,0.002,0.0,0.034,0.008,-0.004,0.0,0.002,0.0,0.217,0.013,-0.01,0.0,0.002,-0.0,-0.111,-0.001,-0.043,-0.0,-0.0,-0.0,0.07,-0.009,0.009,0.0,0.001,0.0,0.103,-0.017,-0.115,0.0,0.001,-0.0,0.121,-0.008,-0.017,-0.0,0.001

>n409190
0.001,-0.707,0.028,-0.462,-0.0,0.007,-0.0,0.004,-0.011,-0.118,0.0,0.001,0.0,0.068,0.012,0.044,0.0,0.002,0.0,0.015,0.008,0.001,0.0,0.002,-0.0,0.031,-0.004,-0.036,0.0,0.002,0.0,0.142,0.005,0.068,0.0,0.003,-0.0,-0.037,-0.001,-0.032,0.0,0.002,0.0,0.138,0.009,-0.063,0.0,0.002,0.0,0.09,0.005,0.042,0.0,0.003,0.0,0.076,0.001,0.0,0.0,0.002

>n409235
0.0,-0.807,-0.007,-0.686,-0.0,0.004,-0.0,-0.091,-0.003,-0.321,-0.0,-0.001,0.0,0.135,0.003,0.169,-0.0,0.001,0.0,-0.128,0.001,-0.087,0.0,-0.0,0.0,-0.03,0.004,-0.01,0.0,-0.0,-0.0,0.101,0.003,0.027,0.0,0.001,0.0,-0.018,0.01,0.057,0.0,0.001,-0.0,-0.076,-0.006,-0.063,-0.0,0.0,0.0,0.162,-0.01,0.001,0.0,0.001,0.0,-0.126,-0.002,-0.032,0.0,-0.0

>n409250
0.001,-0.859,0.071,-0.428,-0.0,0.007,0.0,0.076,0.015,-0.082,0.0,0.002,0.001,0.113,0.013,0.032,0.0,0.003,0.001,-0.009,0.008,0.027,0.0,0.002,0.001,-0.037,0.016,0.027,0.0,0.002,0.001,0.263,0.014,0.013,0.0,0.003,0.0,-0.047,0.022,0.02,0.0,0.002,0.001,0.049,0.028,-0.0,0.0,0.002,0.001,0.132,0.032,-0.007,0.0,0.003,0.001,0.282,0.021,0.035,0.0,0.003

>n409256
0.001,-0.845,0.036,-0.304,-0.0,0.007,0.0,-0.067,0.014,-0.028,-0.0,0.0,0.001,0.217,0.033,0.068,0.0,0.004,0.0,-0.037,0.017,-0.003,0.0,0.002,-0.0,-0.148,0.022,0.065,-0.0,0.0,0.0,0.27,0.015,0.186,0.0,0.002,-0.0,0.08,0.019,0.015,0.001,0.002,0.0,-0.057,0.026,0.135,0.001,0.003,0.001,0.221,0.03,0.033,0.001,0.002,0.0,0.048,-0.009,0.074,0.001,0.001

>n409275
0.001,-0.962,0.047,-0.516,-0.0,0.006,0.0,0.152,0.017,-0.157,0.0,0.001,-0.0,0.048,0.005,0.081,0.0,0.002,-0.0,-0.174,-0.004,-0.071,0.0,0.001,-0.0,-0.035,0.017,-0.027,0.0,0.0,0.0,0.244,0.009,0.074,0.0,0.001,-0.0,-0.11,0.005,-0.047,0.0,0.002,0.001,0.09,0.016,-0.079,0.001,0.001,0.0,0.171,0.01,0.077,0.001,0.003,-0.0,-0.083,0.002,-0.093,0.001,0.001

>n409282
0.002,-1.024,0.054,-0.537,0.0,0.007,0.0,0.172,0.018,-0.167,0.0,0.001,0.0,0.116,0.009,0.109,0.0,0.003,-0.0,-0.129,-0.001,-0.081,0.001,0.001,0.0,-0.067,0.017,-0.028,0.0,0.0,0.001,0.209,0.017,0.049,0.0,0.001,0.0,-0.144,0.004,-0.04,0.0,0.001,0.001,0.034,0.02,-0.094,0.001,0.001,0.0,0.233,0.028,0.106,0.001,0.003,-0.0,-0.035,0.014,-0.108,0.001,0.002

>n409291
0.001,-0.908,0.019,-0.778,0.0,0.008,0.0,0.285,0.007,-0.067,0.001,0.003,-0.0,0.044,-0.005,-0.332,0.001,0.006,0.0,0.467,0.009,0.076,0.001,0.007,0.0,0.114,0.015,0.159,0.002,0.007,-0.0,0.182,-0.012,0.084,0.001,0.005,0.001,0.338,0.009,0.088,0.002,0.006,0.0,-0.14,0.032,-0.15,0.002,0.006,0.001,0.467,0.005,-0.072,0.002,0.01,0.0,0.245,0.008,-0.012,0.003,0.008

>n409305
0.001,-0.886,0.067,-0.316,-0.0,0.006,0.0,0.069,0.021,-0.025,-0.0,0.001,0.001,0.095,0.03,-0.04,0.0,0.003,0.001,-0.094,0.041,0.016,0.0,0.002,0.001,-0.076,0.021,-0.039,0.0,0.002,0.0,0.376,0.018,0.005,0.0,0.004,0.0,-0.053,0.018,-0.081,0.0,0.002,0.001,-0.12,0.037,-0.01,0.0,0.002,0.0,0.132,0.012,-0.054,0.0,0.004,0.0,0.055,0.023,0.047,0.0,0.002

>n409320
0.0,-0.812,0.032,-0.731,-0.0,0.007,0.0,-0.218,-0.008,-0.087,0.0,0.002,-0.0,0.241,-0.012,0.124,0.0,0.004,0.001,-0.012,0.007,-0.058,0.0,0.003,0.0,0.104,0.006,-0.057,0.0,0.005,-0.0,0.247,0.001,0.015,0.001,0.004,0.001,-0.041,-0.013,-0.023,0.0,0.003,0.001,0.14,0.02,-0.067,0.0,0.003,0.001,0.094,0.003,-0.067,0.001,0.003,-0.0,0.059,-0.014,-0.07,0.0,0.003

>n409334
0.001,-0.469,0.024,-0.633,-0.0,0.008,-0.0,0.018,0.008,-0.146,-0.0,0.001,0.0,0.013,0.01,0.026,0.0,0.002,0.001,0.025,0.005,-0.009,0.0,0.003,0.0,0.011,0.002,0.03,0.0,0.003,0.0,0.158,0.016,-0.027,0.001,0.004,0.0,0.272,-0.0,-0.007,0.001,0.004,0.0,0.155,-0.003,0.104,0.001,0.003,0.0,0.147,0.009,-0.047,0.001,0.004,0.0,0.066,0.017,0.011,0.001,0.003

>n409359
0.001,-0.996,0.03,-0.435,-0.0,0.005,-0.0,0.025,0.003,-0.207,-0.0,0.0,-0.0,0.014,0.0,0.106,-0.0,0.001,0.0,-0.329,-0.008,0.02,0.0,-0.001,0.001,0.23,-0.002,0.031,0.0,0.002,0.001,0.127,0.011,-0.066,0.0,0.003,0.0,-0.059,-0.014,-0.047,0.0,0.002,0.0,0.108,0.017,-0.015,0.0,0.003,0.001,-0.053,-0.006,0.075,0.001,0.003,0.0,0.151,0.005,-0.034,0.0,0.002

>n409368
0.0,-0.88,-0.006,-1.0,-0.0,0.003,0.0,-0.144,-0.012,-0.284,-0.0,-0.001,0.0,0.224,0.015,0.099,-0.0,0.0,0.0,-0.186,-0.003,-0.119,-0.0,-0.0,-0.0,0.203,-0.011,0.045,-0.0,0.0,0.0,0.025,0.012,-0.108,-0.0,-0.001,0.0,-0.11,0.0,0.026,-0.0,-0.001,0.0,0.075,-0.006,-0.094,-0.0,-0.001,0.0,0.148,0.004,-0.016,-0.0,0.001,-0.0,-0.115,0.004,-0.134,-0.0,0.0

>n409402
0.001,-0.718,0.004,-0.592,-0.0,0.006,0.001,-0.18,0.004,-0.26,-0.001,-0.002,0.0,-0.089,-0.012,0.093,-0.001,-0.001,0.0,0.296,-0.003,0.106,-0.001,0.002,0.001,-0.123,0.014,-0.015,-0.0,0.003,0.001,0.359,0.012,0.011,0.001,0.004,0.0,0.055,-0.013,0.042,0.0,0.003,0.001,0.284,0.008,0.186,0.0,0.001,-0.0,0.034,0.011,-0.012,-0.001,0.0,0.0,-0.012,0.007,-0.011,-0.001,0.0

>n409406
0.001,-0.677,0.069,-0.47,-0.0,0.008,0.0,0.085,0.026,-0.084,-0.0,0.002,0.0,0.051,0.021,0.008,0.0,0.002,0.001,0.003,0.025,-0.008,-0.0,0.002,0.0,0.039,0.016,-0.003,0.0,0.002,0.001,0.199,0.026,-0.005,0.0,0.003,0.0,0.075,0.029,0.001,0.0,0.002,0.001,-0.009,0.017,-0.008,0.0,0.002,0.0,0.146,0.008,0.011,-0.0,0.002,0.0,0.167,0.021,-0.004,0.0,0.002

>n409438
0.0,-0.785,-0.007,-0.582,-0.0,0.007,0.0,-0.23,0.009,-0.141,0.0,0.0,0.001,0.069,-0.01,0.066,0.0,0.002,0.001,-0.105,0.02,-0.024,0.001,0.002,0.0,0.16,-0.004,-0.01,0.0,0.001,0.0,0.12,0.004,0.053,0.001,0.002,0.0,-0.005,0.005,-0.09,0.001,0.002,0.0,0.001,-0.001,-0.067,0.001,0.003,0.001,-0.014,-0.006,0.164,0.001,0.002,0.0,-0.019,0.002,-0.145,0.001,0.002

>n409442
0.001,-0.82,0.039,-0.701,0.0,0.006,-0.0,0.07,0.017,-0.047,0.0,0.001,0.0,0.253,0.028,-0.098,0.0,0.004,0.0,0.028,0.033,0.136,0.0,0.003,0.0,-0.254,0.01,-0.042,-0.0,-0.0,0.001,0.365,0.015,-0.011,0.0,0.003,0.0,-0.007,0.025,0.046,0.0,0.003,0.001,0.099,0.006,-0.037,0.0,0.002,0.001,0.137,0.018,0.078,-0.0,0.002,-0.0,0.184,0.006,-0.003,-0.0,0.002

>n409499
0.001,-0.731,0.06,-0.502,-0.0,0.008,0.0,0.014,0.028,-0.172,-0.0,0.002,0.001,0.109,0.033,0.049,-0.0,0.003,0.001,-0.068,0.044,-0.01,0.0,0.003,0.001,-0.009,0.046,0.002,0.0,0.002,0.001,0.177,0.037,0.013,0.0,0.002,0.001,-0.066,0.03,-0.01,0.0,0.002,0.001,0.145,0.023,0.046,0.0,0.003,0.001,0.006,0.031,0.021,0.0,0.003,0.0,0.237,0.021,-0.012,-0.0,0.002

>n409519
0.001,-0.798,0.032,-0.995,0.0,0.009,0.0,0.167,-0.002,-0.105,0.001,0.004,0.0,0.016,-0.011,0.034,0.001,0.003,0.0,-0.071,-0.008,0.055,0.001,0.003,0.001,0.045,-0.008,-0.085,0.001,0.003,0.0,0.139,0.001,0.035,0.001,0.003,0.0,0.137,-0.003,-0.009,0.001,0.004,0.0,0.083,0.012,0.019,0.001,0.004,0.0,0.229,0.016,-0.021,0.001,0.004,0.001,0.004,0.007,0.021,0.001,0.004

>n409529
0.001,-0.682,0.029,-0.409,-0.0,0.007,0.0,-0.037,0.01,-0.077,-0.0,-0.0,0.0,0.073,0.017,0.044,0.0,0.002,0.0,-0.021,0.0,-0.001,0.0,0.001,0.0,0.191,0.002,0.03,-0.0,0.001,0.0,-0.056,0.004,0.0,-0.0,0.0,0.0,0.088,0.004,0.057,-0.0,0.0,0.0,-0.068,0.006,0.069,-0.0,0.0,0.0,0.159,0.016,0.026,-0.0,0.001,0.0,0.013,0.016,0.005,-0.0,0.001

>n409540
0.001,-0.857,0.036,-0.503,-0.0,0.006,-0.0,0.073,0.024,-0.109,-0.0,0.0,-0.0,0.199,-0.004,0.013,0.0,0.002,0.0,-0.073,0.003,-0.002,-0.0,0.001,0.0,0.098,0.014,-0.014,0.0,0.001,0.0,0.297,0.016,0.05,0.001,0.002,0.0,-0.098,-0.003,0.028,0.0,0.001,0.0,0.159,0.007,-0.057,0.0,0.002,0.0,-0.129,0.009,-0.017,0.0,0.001,-0.0,0.185,-0.008,0.042,0.0,0.001

>n409548
0.001,-0.771,0.029,-0.472,-0.0,0.006,-0.0,0.005,-0.008,-0.1,-0.0,-0.001,0.0,-0.011,0.016,0.073,0.0,0.001,0.0,0.015,0.009,-0.012,-0.0,0.001,-0.0,0.013,-0.017,-0.033,-0.0,0.001,0.0,0.131,0.018,0.075,0.0,0.002,0.0,0.059,0.007,-0.025,0.0,0.002,0.0,-0.005,0.01,-0.033,-0.0,0.001,0.0,0.031,0.013,0.053,-0.0,0.001,-0.0,0.015,-0.0,-0.003,-0.0,0.001

>n409559
0.0,-0.608,0.003,-0.585,-0.0,0.005,-0.0,-0.079,-0.009,-0.169,-0.0,-0.001,0.0,0.088,-0.001,0.111,0.0,0.001,-0.0,-0.09,-0.001,-0.083,-0.0,-0.0,0.0,-0.004,-0.009,-0.019,0.0,-0.0,-0.0,0.034,0.006,0.06,-0.0,0.0,-0.0,-0.011,-0.0,0.036,-0.0,-0.0,0.0,-0.048,0.004,-0.085,-0.0,0.001,0.0,0.108,0.001,0.086,0.0,0.002,-0.0,0.067,0.004,-0.007,0.0,0.0

>n409618
0.001,-1.297,-0.01,-0.913,0.0,0.006,0.001,0.38,-0.013,0.026,-0.0,0.002,0.001,-0.222,0.023,-0.186,0.001,0.001,0.001,0.149,-0.009,0.078,0.0,0.002,0.001,0.008,0.005,-0.132,0.0,0.0,0.0,0.14,0.016,0.202,0.0,0.003,0.0,0.066,-0.006,0.025,0.001,0.004,0.0,0.285,0.02,0.176,0.001,0.003,0.001,-0.229,0.007,-0.081,-0.001,0.001,0.0,-0.009,-0.01,0.107,0.0,0.002

>n409625
0.002,-0.919,0.068,-0.571,0.0,0.008,0.0,-0.075,0.009,-0.045,-0.0,0.001,0.001,0.068,-0.002,-0.005,-0.0,0.002,0.001,-0.019,0.01,-0.014,-0.0,0.002,0.001,0.013,0.02,-0.049,-0.0,0.002,0.001,0.149,0.027,0.132,-0.0,0.003,0.001,-0.095,0.013,-0.064,-0.0,0.002,0.001,-0.044,0.03,-0.005,-0.0,0.002,0.001,0.283,0.023,0.075,0.0,0.004,0.0,-0.047,0.013,-0.038,-0.0,0.002

>n409636
0.002,-0.824,0.101,-0.323,-0.0,0.006,0.001,-0.054,0.014,-0.088,0.0,0.0,0.001,0.144,-0.02,-0.012,0.001,0.002,0.0,-0.36,0.021,-0.131,0.0,0.003,0.001,0.206,0.005,-0.142,0.0,0.002,0.0,-0.017,0.055,-0.063,0.001,0.002,0.001,-0.03,0.045,-0.132,0.001,0.004,-0.0,0.19,0.021,-0.138,0.001,0.003,0.001,-0.047,-0.008,-0.172,0.001,0.003,0.001,0.219,0.043,-0.146,0.001,0.004

>n409638
0.001,-0.787,0.058,-0.324,-0.0,0.006,-0.0,0.099,0.014,-0.058,0.0,0.0,0.0,-0.04,0.005,0.007,0.0,0.001,0.0,0.034,0.018,0.003,0.0,0.001,0.0,-0.005,0.011,-0.002,0.0,0.001,0.0,0.119,0.011,0.017,0.0,0.001,0.0,-0.027,0.008,-0.01,0.0,0.001,0.0,0.036,0.008,0.013,0.0,0.001,0.0,0.056,0.007,0.009,0.0,0.001,0.0,0.034,0.007,-0.013,0.0,0.001

>n409649
0.001,-0.966,0.028,-0.46,-0.0,0.007,0.0,-0.006,-0.024,-0.109,0.0,0.001,0.0,0.033,-0.01,0.043,0.0,0.002,0.0,0.056,-0.013,0.012,0.0,0.001,0.0,0.045,-0.017,-0.012,0.0,0.001,0.0,-0.087,0.006,0.044,0.0,0.001,0.0,0.139,0.005,-0.058,0.0,0.001,0.001,-0.054,0.031,-0.043,0.0,0.002,0.001,0.05,0.016,0.043,0.0,0.003,0.001,-0.112,0.03,-0.023,0.0,0.002

>n409672
0.001,-0.755,0.061,-0.436,-0.0,0.007,-0.0,0.057,0.011,-0.104,-0.0,0.001,0.0,-0.041,0.009,0.025,-0.0,0.002,0.0,-0.028,0.016,-0.032,0.0,0.002,0.001,0.125,0.008,0.022,0.0,0.002,0.0,0.104,0.015,0.015,0.0,0.002,0.0,-0.023,0.006,0.022,0.0,0.002,0.0,-0.019,0.021,-0.002,0.0,0.002,0.001,0.065,0.017,-0.094,0.0,0.002,0.0,0.164,-0.012,0.043,0.0,0.002

>n409673
0.0,-0.62,0.001,-0.437,-0.0,0.006,-0.0,-0.073,-0.009,-0.141,-0.0,-0.001,0.001,-0.037,0.005,0.075,0.0,-0.0,-0.0,-0.142,0.002,0.036,0.0,0.0,0.0,0.062,-0.001,0.052,0.0,0.0,-0.0,-0.013,0.021,0.0,-0.0,-0.0,0.0,0.017,0.005,-0.001,-0.0,-0.0,0.0,-0.134,0.009,-0.0,-0.0,0.001,0.0,0.094,-0.006,0.143,-0.001,0.001,0.0,-0.099,-0.0,-0.043,-0.0,0.0

>n409674
0.001,-0.73,0.04,-0.506,-0.0,0.007,-0.0,0.009,-0.022,-0.057,0.0,0.001,0.0,0.079,-0.002,0.065,0.001,0.002,0.0,0.02,-0.004,-0.108,0.0,0.002,-0.0,0.059,-0.014,-0.065,0.0,0.001,0.0,0.032,-0.0,0.094,0.0,0.001,0.0,-0.03,0.021,-0.085,0.001,0.002,-0.0,0.069,-0.001,-0.032,0.001,0.002,0.0,0.056,0.021,0.062,0.001,0.002,0.0,0.055,0.038,-0.078,0.0,0.002

>n409683
0.001,-0.833,0.062,-0.394,-0.0,0.007,0.0,-0.017,-0.004,-0.135,-0.0,0.001,-0.0,0.062,0.009,0.189,0.0,0.001,0.0,-0.168,0.003,-0.065,-0.0,0.001,-0.0,-0.061,-0.004,-0.06,-0.0,0.001,-0.0,0.115,0.0,0.158,-0.0,0.0,-0.0,0.004,-0.024,-0.082,-0.001,0.001,-0.0,0.01,-0.009,-0.035,-0.0,0.001,-0.0,-0.005,-0.024,0.112,-0.001,0.001,0.0,0.006,0.004,-0.049,-0.001,0.001

>n409684
0.001,-0.719,0.027,-0.791,0.0,0.008,0.0,-0.067,-0.001,-0.13,0.0,0.001,0.0,0.112,0.006,0.148,0.0,0.001,0.001,-0.136,0.013,-0.078,0.0,0.002,0.001,0.068,0.002,0.012,0.0,0.002,0.0,0.098,0.012,0.079,0.0,0.001,0.0,0.094,0.015,0.084,0.0,0.001,0.001,0.067,0.016,-0.067,0.0,0.002,0.0,0.201,-0.0,0.118,0.0,0.002,-0.0,0.027,0.003,0.04,0.001,0.002

>n409707
0.001,-0.677,0.063,-0.418,-0.0,0.007,0.0,0.056,0.03,-0.074,0.0,0.001,0.0,0.013,0.024,0.017,0.0,0.001,0.0,0.124,0.026,-0.033,-0.0,0.002,0.0,0.04,0.018,0.036,0.0,0.002,0.0,0.169,0.024,0.052,0.0,0.002,0.0,-0.002,0.013,-0.077,0.0,0.001,0.0,0.021,0.002,0.07,0.0,0.001,0.0,0.14,0.014,-0.009,0.0,0.001,0.001,-0.048,0.001,0.002,0.0,0.001

>n409709
0.001,-0.605,0.085,-0.442,0.0,0.008,0.001,0.061,0.036,-0.114,0.0,0.003,0.001,0.127,0.031,0.112,-0.0,0.003,0.001,0.079,0.04,-0.092,0.0,0.003,0.001,0.056,0.032,-0.025,0.0,0.004,0.001,0.331,0.028,0.134,0.001,0.004,0.001,-0.047,0.033,-0.07,0.0,0.003,0.001,0.133,0.018,0.029,0.001,0.003,0.001,0.165,0.03,0.066,0.001,0.004,0.001,0.075,0.036,-0.008,0.0,0.003

>n409726
0.001,-0.845,0.032,-1.053,0.001,0.01,0.001,-0.047,-0.01,-0.119,0.0,0.004,0.001,0.24,0.034,0.247,0.0,0.003,0.001,-0.248,0.025,-0.165,0.001,0.004,0.0,0.2,0.011,-0.057,0.0,0.003,0.0,0.263,0.006,0.276,0.0,0.003,0.0,-0.138,0.004,-0.056,0.0,0.004,-0.0,0.324,-0.003,-0.024,0.0,0.005,0.001,0.335,0.021,0.212,0.0,0.005,0.0,-0.156,0.001,-0.019,-0.0,0.002

>n409756
0.001,-0.65,0.035,-0.641,0.0,0.007,0.0,0.159,0.013,-0.003,0.0,0.001,0.0,0.206,-0.001,-0.073,0.0,0.003,0.0,0.012,0.006,0.029,0.001,0.003,0.001,0.072,0.001,0.077,-0.0,0.002,0.0,0.295,0.004,-0.047,0.0,0.002,0.0,-0.015,0.002,-0.041,0.001,0.002,0.0,0.046,0.016,0.062,0.0,0.003,0.001,0.122,0.008,-0.079,-0.0,0.001,0.0,-0.08,0.019,0.016,-0.001,-0.0

>n410005
0.001,-0.808,0.014,-0.671,-0.0,0.006,-0.0,-0.083,-0.006,-0.157,-0.0,-0.0,0.0,0.071,-0.003,0.109,0.0,0.001,0.0,0.062,0.01,-0.003,-0.0,0.001,0.0,-0.095,0.006,0.024,-0.0,-0.0,-0.0,0.096,0.011,0.068,-0.0,0.001,-0.0,-0.03,-0.002,-0.017,0.0,0.001,0.0,-0.066,0.002,0.008,-0.0,0.001,0.0,0.154,0.01,0.054,-0.0,0.002,0.0,0.127,-0.007,-0.055,0.0,0.001

>n410019
0.0,-1.13,0.003,-1.046,-0.0,0.003,-0.0,-0.083,-0.007,-0.223,-0.0,-0.001,0.0,0.228,-0.001,0.122,0.0,0.002,0.0,-0.178,0.002,-0.082,-0.0,0.0,0.0,-0.159,-0.003,0.025,-0.0,0.0,0.0,0.305,0.006,0.001,-0.0,0.002,0.0,-0.091,0.012,0.004,-0.0,0.0,0.0,-0.033,0.005,0.078,-0.0,-0.0,0.0,0.134,-0.002,-0.041,0.0,0.001,-0.0,-0.046,0.0,-0.002,0.0,0.0

>n410026
0.001,-0.663,-0.002,-0.73,-0.0,0.005,0.0,-0.056,0.002,-0.236,-0.0,-0.001,0.0,-0.035,0.011,0.185,-0.0,0.0,0.0,-0.263,-0.015,-0.013,0.0,-0.0,0.001,-0.122,-0.002,0.061,0.0,-0.001,0.0,-0.051,-0.0,0.01,0.001,0.001,-0.0,0.16,0.006,0.128,0.001,0.001,0.0,0.13,-0.009,0.107,0.0,0.001,0.0,0.036,0.016,-0.045,0.0,0.002,-0.0,-0.137,-0.008,0.076,0.0,0.001

>n410038
0.0,-0.603,-0.001,-0.667,0.0,0.007,0.0,0.037,-0.001,-0.103,-0.0,0.0,0.0,-0.082,0.009,-0.001,-0.0,0.001,0.001,-0.006,0.02,-0.017,0.0,0.002,0.001,-0.07,-0.003,-0.0,0.0,0.001,0.0,0.292,0.005,0.092,-0.0,0.002,0.0,-0.127,0.001,-0.083,0.0,0.002,0.0,0.224,0.013,0.044,0.0,0.001,0.0,0.013,0.001,-0.009,0.0,0.001,0.0,0.104,-0.008,0.033,0.0,0.001

>n410042
0.001,-0.629,0.018,-0.783,0.0,0.006,0.0,-0.05,0.004,-0.258,0.0,0.001,-0.0,-0.011,-0.0,0.164,0.0,0.001,-0.001,-0.071,0.006,-0.107,-0.0,0.0,-0.0,0.065,-0.011,0.054,0.0,0.001,0.0,-0.051,0.003,0.124,0.001,0.001,0.0,0.056,0.003,-0.047,0.001,0.001,0.0,0.126,-0.002,-0.029,0.001,0.002,0.0,0.097,0.006,0.033,0.0,0.002,0.0,0.135,0.018,0.097,0.0,0.001

>n410063
0.002,-0.896,0.052,-0.573,0.0,0.008,0.001,0.153,0.03,-0.008,0.0,0.003,0.0,0.033,0.008,0.023,0.0,0.002,0.0,0.023,0.021,-0.014,-0.0,0.002,0.0,0.035,0.02,0.071,0.0,0.003,0.0,0.041,0.018,-0.03,0.0,0.003,0.0,-0.006,-0.0,0.04,-0.0,0.002,0.0,-0.001,0.015,0.007,0.0,0.002,0.0,0.118,0.014,0.036,0.0,0.003,0.0,0.095,0.023,0.018,-0.0,0.002

>n410066
0.0,-0.78,0.015,-0.879,0.0,0.006,0.0,-0.004,0.001,-0.267,-0.0,0.002,-0.0,-0.297,-0.01,0.096,-0.0,0.0,-0.0,0.01,-0.009,-0.028,-0.0,0.0,0.0,0.026,0.005,-0.137,-0.0,0.0,0.0,0.13,-0.001,-0.095,0.0,0.001,-0.0,0.032,-0.011,-0.099,-0.0,-0.001,0.0,-0.022,0.009,0.027,-0.0,-0.001,0.0,-0.008,0.003,-0.128,0.0,0.001,0.0,0.007,0.011,-0.057,-0.0,0.001

>n410068
0.0,-0.981,0.001,-0.377,-0.001,0.003,-0.001,-0.133,-0.038,-0.003,-0.001,-0.003,0.0,0.178,-0.003,-0.017,0.001,0.001,-0.0,0.162,-0.02,-0.012,0.001,0.003,0.0,-0.279,0.017,0.01,0.002,0.002,-0.0,0.286,0.006,-0.038,0.001,0.0,-0.0,-0.243,-0.025,0.027,0.0,-0.002,0.0,-0.217,0.01,-0.037,0.0,-0.002,-0.0,0.398,0.019,-0.02,0.0,0.0,-0.001,0.057,-0.033,-0.077,0.001,-0.0

>n410070
0.001,-0.915,0.032,-0.478,-0.0,0.007,0.0,0.056,-0.004,-0.117,-0.0,0.001,0.001,0.086,0.015,0.103,0.0,0.002,-0.0,-0.187,0.011,-0.07,0.0,0.002,0.0,0.137,0.008,0.04,0.001,0.002,0.0,0.285,0.009,0.089,0.001,0.004,-0.0,-0.103,0.017,-0.01,0.001,0.003,0.0,0.144,0.019,0.011,0.001,0.002,0.0,-0.075,0.011,0.004,0.001,0.002,-0.0,0.278,-0.02,0.017,0.001,0.003

>n410072
0.001,-0.584,0.029,-0.871,0.0,0.007,-0.0,0.017,0.022,-0.233,0.0,0.002,0.0,-0.017,0.007,0.065,-0.0,0.003,-0.0,-0.008,0.004,-0.096,-0.0,0.002,0.0,-0.045,-0.002,0.006,-0.0,0.002,0.0,0.257,-0.002,0.117,0.0,0.003,0.0,0.029,0.004,-0.03,0.0,0.003,0.0,0.083,0.01,-0.015,0.0,0.003,0.0,0.098,0.001,-0.007,-0.0,0.002,0.0,-0.013,0.008,0.115,-0.0,0.002

>n410076
0.0,-0.483,0.048,-0.465,-0.0,0.007,-0.0,-0.013,0.038,-0.258,-0.0,0.002,0.001,-0.116,0.048,-0.012,-0.0,0.002,0.001,0.155,0.045,0.021,0.0,0.002,0.001,0.235,0.031,0.127,0.0,0.002,0.0,0.227,0.031,0.064,-0.0,0.001,0.0,-0.048,0.008,0.019,-0.0,0.001,0.0,-0.107,0.029,0.053,-0.0,0.001,0.001,0.126,0.028,0.045,-0.0,0.001,0.0,0.103,0.001,0.059,-0.001,-0.0

>n410080
0.0,-0.947,0.011,-1.32,-0.0,0.005,0.0,-0.052,-0.024,-0.116,0.001,0.002,-0.0,-0.262,0.009,-0.295,0.0,0.0,0.0,-0.29,0.016,-0.039,-0.001,-0.001,0.0,0.232,0.009,0.024,0.0,0.001,0.001,0.159,-0.005,0.146,-0.0,0.003,-0.0,-0.251,-0.009,-0.318,-0.001,-0.001,0.0,0.102,0.006,0.275,-0.0,0.001,-0.0,0.095,0.007,-0.161,0.001,0.002,0.0,0.331,0.003,0.065,0.0,0.003

>n410105
0.001,-0.694,0.059,-0.737,-0.0,0.008,-0.0,0.046,0.019,-0.33,0.0,0.002,0.0,0.121,0.018,0.112,0.0,0.003,0.0,0.147,0.046,-0.222,0.001,0.004,0.001,0.132,0.048,-0.026,-0.0,0.004,0.0,0.299,0.022,0.156,-0.0,0.003,0.0,-0.024,0.019,-0.114,-0.0,0.003,-0.0,0.122,0.017,0.03,-0.001,0.002,0.0,-0.005,0.02,-0.148,-0.001,0.001,0.001,0.016,0.024,0.017,-0.001,0.001

>n410108
0.001,-0.437,0.008,-0.693,0.0,0.009,-0.0,-0.128,-0.019,-0.221,-0.0,0.002,-0.0,0.258,-0.008,0.013,-0.0,0.002,-0.0,0.122,-0.005,-0.017,-0.0,0.002,-0.0,0.109,0.009,-0.083,0.0,0.003,-0.0,0.238,0.024,-0.107,0.0,0.004,0.001,-0.026,0.021,-0.013,0.0,0.001,0.0,0.061,0.004,0.081,0.001,0.002,-0.0,-0.034,-0.002,-0.089,0.001,0.002,0.0,0.175,0.017,-0.061,0.0,0.003

>n410128
0.0,-0.745,0.011,-0.55,-0.0,0.005,0.0,-0.087,0.006,-0.284,-0.0,-0.001,0.0,0.126,0.014,0.114,-0.0,0.001,-0.0,-0.089,-0.001,-0.017,0.0,0.001,0.0,-0.054,0.004,-0.004,0.0,0.001,-0.0,0.291,0.002,-0.005,0.0,0.002,0.0,-0.077,0.003,0.023,0.0,0.0,0.0,0.069,0.002,-0.022,0.0,0.001,0.0,0.03,0.01,-0.003,0.0,0.001,0.0,0.084,0.007,-0.022,0.0,0.001

>n410131
0.001,-1.008,0.015,-0.877,-0.0,0.003,0.001,0.171,0.019,-0.146,-0.0,-0.0,0.0,-0.21,0.005,0.062,-0.0,0.001,0.0,0.014,0.007,0.026,0.0,0.001,0.001,-0.166,0.007,-0.049,-0.0,0.001,0.001,0.192,0.019,0.048,0.0,0.002,0.0,-0.026,0.013,0.044,0.0,0.002,0.0,0.028,0.008,-0.124,0.0,0.001,0.0,0.2,-0.006,0.065,0.0,0.001,0.0,-0.002,0.011,-0.013,0.0,0.001

>n410143
0.001,-0.872,0.053,-0.421,-0.0,0.008,0.0,0.146,0.011,-0.039,0.0,0.003,0.001,-0.029,0.02,0.044,0.0,0.003,0.0,0.156,0.004,-0.016,0.0,0.003,0.001,-0.02,0.012,0.032,0.0,0.002,0.001,0.081,0.018,0.01,0.0,0.003,0.0,0.144,-0.002,-0.017,0.0,0.002,0.0,0.098,0.01,0.033,0.001,0.003,0.0,0.034,0.011,0.045,0.0,0.003,0.001,0.111,0.01,0.018,0.0,0.003

>n410149
0.001,-0.793,0.043,-0.429,-0.0,0.007,0.0,-0.139,-0.006,-0.096,0.0,0.0,0.0,0.083,0.011,0.099,0.0,0.002,0.0,0.007,0.023,-0.023,0.001,0.002,0.0,0.096,0.009,0.001,0.0,0.002,0.0,0.034,0.018,0.04,0.0,0.003,0.0,0.059,0.008,-0.015,0.0,0.001,0.0,0.093,-0.002,0.049,0.0,0.002,0.0,0.121,0.023,0.024,0.0,0.003,0.0,0.113,0.016,0.01,0.001,0.003

>n410152
0.001,-0.683,0.056,-0.376,-0.0,0.007,0.0,-0.223,0.022,-0.119,0.0,0.002,0.0,0.278,0.006,0.046,0.0,0.002,0.001,-0.157,0.035,-0.008,0.0,0.002,0.001,0.025,0.038,-0.022,0.0,0.002,0.0,0.156,0.046,-0.011,0.0,0.003,0.0,0.055,0.012,0.01,0.0,0.001,0.0,0.053,0.013,0.007,0.0,0.002,0.001,0.018,0.019,-0.031,0.0,0.002,0.0,-0.051,0.015,-0.01,0.0,0.002

>n410153
0.0,-0.559,0.009,-0.539,-0.0,0.006,0.0,-0.043,-0.005,-0.222,-0.0,-0.0,0.0,-0.085,0.012,0.077,0.0,0.001,0.0,0.008,0.012,-0.012,0.0,0.001,-0.0,-0.146,-0.015,-0.002,0.0,0.001,0.0,0.183,0.008,0.07,0.001,0.003,0.0,0.096,0.016,0.026,0.0,0.002,0.0,0.101,0.015,-0.0,0.0,0.002,-0.0,0.023,-0.001,-0.023,0.0,0.001,0.0,-0.054,-0.011,0.007,0.0,0.001

>n410161
0.001,-0.886,0.025,-0.354,-0.0,0.005,0.0,-0.041,0.006,-0.155,-0.0,-0.0,0.001,0.161,0.014,0.082,0.001,0.003,-0.0,-0.069,0.003,0.016,0.0,0.002,-0.0,-0.073,0.007,-0.063,0.0,0.0,0.0,0.204,0.008,0.104,0.001,0.002,0.0,-0.119,0.011,-0.016,0.0,0.0,0.0,-0.137,0.01,-0.037,0.0,0.001,0.0,0.344,0.019,0.063,0.001,0.003,0.0,-0.156,0.003,-0.069,0.0,0.001

>n410167
0.001,-0.791,0.042,-0.344,-0.0,0.005,-0.0,-0.096,-0.006,-0.06,-0.0,-0.001,0.0,0.023,0.008,0.046,-0.0,0.0,0.0,-0.073,0.006,-0.024,-0.0,-0.0,0.0,-0.019,0.003,0.005,-0.0,0.0,0.0,0.096,0.008,-0.014,0.0,0.001,-0.0,-0.015,-0.001,0.015,0.0,0.001,0.0,0.033,0.007,-0.006,0.0,0.001,0.0,0.056,0.007,0.002,0.0,0.001,0.0,-0.004,0.009,0.027,0.0,0.0

>n410170
0.0,-0.747,0.016,-0.608,0.0,0.006,-0.0,0.115,-0.004,-0.027,-0.0,-0.0,0.0,-0.17,0.0,0.13,0.0,0.001,0.0,0.007,-0.01,0.013,-0.0,0.002,-0.0,-0.16,0.011,-0.097,-0.0,0.001,0.0,0.15,0.027,0.168,0.0,0.002,0.001,-0.026,0.001,-0.064,0.0,0.001,0.0,-0.038,0.005,0.006,0.001,0.001,-0.0,0.166,-0.012,-0.033,0.001,0.002,-0.0,0.16,-0.007,-0.064,0.001,0.002

>n410188
0.0,-0.889,0.017,-0.607,-0.001,0.005,0.0,-0.154,0.009,-0.35,-0.0,-0.0,0.0,0.106,-0.001,0.085,0.0,0.002,-0.0,0.168,-0.001,-0.09,-0.0,0.001,0.0,-0.089,0.004,0.087,0.0,0.0,0.0,0.142,0.004,0.106,0.0,0.002,0.0,-0.003,0.0,-0.182,0.0,0.003,0.0,0.07,0.017,0.021,0.001,0.003,0.0,0.115,0.008,-0.002,0.0,0.003,-0.001,0.1,-0.011,-0.05,0.0,0.002

>n410189
0.0,-0.537,0.031,-0.352,-0.0,0.005,-0.0,-0.233,0.014,-0.101,-0.0,-0.001,0.0,0.121,-0.005,-0.037,0.0,0.001,-0.0,-0.047,0.026,0.001,-0.0,0.001,0.0,-0.044,0.013,0.058,0.0,0.001,0.0,0.037,0.012,0.041,0.0,0.001,0.0,0.163,0.013,0.017,0.001,0.001,-0.0,0.199,0.011,0.055,-0.0,0.001,-0.0,-0.159,0.011,0.05,0.0,0.0,-0.0,0.011,-0.014,0.015,-0.0,-0.001

>n410191
0.0,-0.746,0.011,-0.419,-0.001,0.004,0.0,-0.206,0.009,-0.122,-0.0,-0.002,0.001,0.248,-0.004,0.096,0.0,0.002,0.0,-0.207,0.009,-0.086,0.0,-0.0,0.0,-0.113,-0.014,-0.039,-0.0,0.0,0.0,0.196,0.004,0.083,0.0,0.001,0.0,-0.19,-0.014,0.048,-0.001,-0.002,-0.0,-0.019,-0.008,0.0,-0.0,-0.001,0.0,0.088,0.0,0.113,0.0,0.002,-0.0,-0.118,-0.011,0.013,-0.001,-0.001

>n410194
0.0,-0.65,0.02,-0.441,-0.001,0.003,0.0,-0.211,-0.036,-0.033,0.002,-0.001,0.001,0.049,-0.046,0.038,0.001,0.002,0.0,-0.244,-0.005,0.251,0.0,-0.001,0.0,0.053,0.007,-0.24,0.001,0.001,-0.0,-0.016,0.029,-0.272,0.002,0.0,0.001,0.012,-0.022,-0.256,0.002,-0.001,-0.0,-0.202,0.039,-0.466,0.002,-0.001,0.001,0.063,0.078,-0.165,0.002,0.001,0.001,-0.193,-0.01,-0.274,0.002,0.0

>n410199
0.001,-0.513,0.031,-0.408,-0.0,0.006,0.0,-0.119,-0.001,-0.134,-0.0,0.0,0.0,0.268,0.009,0.0,0.0,0.003,0.0,-0.263,0.03,0.006,0.0,0.0,-0.0,0.055,0.01,-0.084,0.0,0.001,0.0,0.086,0.022,-0.037,0.001,0.001,0.0,-0.069,0.017,-0.033,0.0,0.001,0.0,0.12,0.017,0.006,0.0,0.002,0.0,0.109,0.028,0.055,0.0,0.003,0.0,0.018,0.027,-0.075,0.001,0.002

>n410203
0.0,-0.525,0.014,-0.464,-0.0,0.006,0.0,0.056,0.008,-0.194,0.0,-0.0,0.0,-0.151,0.023,0.053,0.0,0.0,0.0,-0.004,0.001,-0.029,0.0,0.0,0.0,-0.079,0.004,0.031,0.0,0.001,0.0,0.328,0.013,0.172,0.001,0.002,0.001,-0.001,-0.003,-0.004,0.0,0.001,0.001,0.067,-0.004,-0.051,-0.0,-0.0,0.0,-0.048,0.007,0.026,0.0,0.001,0.0,0.158,0.001,-0.046,0.001,0.001

>n410249
0.001,-1.117,0.064,-0.265,-0.0,0.006,0.0,0.245,0.005,-0.1,-0.0,0.001,0.0,-0.231,0.003,0.028,-0.0,0.001,0.0,0.151,0.021,0.021,0.0,0.001,0.0,-0.163,-0.013,-0.096,-0.0,0.001,0.0,0.189,-0.0,-0.007,-0.0,0.002,0.0,-0.232,0.009,0.101,-0.001,-0.0,0.0,0.136,-0.013,0.063,-0.0,0.0,-0.0,-0.061,0.034,0.038,-0.001,0.001,0.0,0.071,0.04,0.074,-0.001,-0.0

>n410453
-0.0,-0.717,0.018,-0.468,0.0,0.004,0.0,-0.167,0.003,-0.53,-0.0,0.001,0.0,-0.105,-0.002,0.131,-0.0,0.001,-0.0,0.263,0.007,0.009,-0.001,-0.001,0.0,-0.08,0.0,-0.088,-0.0,0.0,0.0,0.11,0.016,0.047,-0.0,0.002,-0.0,-0.112,0.006,-0.078,0.0,-0.001,-0.0,-0.007,-0.003,-0.253,-0.0,0.002,0.0,-0.074,0.01,-0.055,0.0,0.001,0.0,0.113,0.017,0.168,-0.0,0.001

>n410456
0.001,-0.659,0.034,-0.475,-0.0,0.005,-0.0,-0.039,0.001,-0.145,-0.0,-0.001,0.0,0.012,-0.007,0.074,-0.0,0.001,-0.0,-0.128,0.003,0.015,-0.0,0.001,0.0,-0.013,0.003,0.012,-0.0,0.0,0.0,0.089,0.01,0.101,-0.001,0.001,0.001,-0.049,0.02,-0.065,-0.0,0.002,0.0,0.182,0.009,0.113,-0.0,0.001,0.0,-0.098,-0.009,0.008,-0.001,-0.001,0.001,-0.024,0.002,0.041,-0.0,-0.0

>n410457
0.001,-0.634,0.059,-0.696,0.0,0.011,0.001,0.036,-0.016,-0.162,0.0,0.005,0.001,0.149,-0.007,0.015,0.0,0.006,0.001,0.058,0.008,-0.059,0.001,0.006,0.001,0.28,0.007,-0.115,0.001,0.006,0.001,0.379,0.022,0.011,0.0,0.007,0.001,0.26,0.016,-0.09,0.0,0.006,0.0,0.385,-0.009,-0.069,0.0,0.006,0.001,0.364,-0.003,0.084,0.0,0.007,0.001,0.042,0.016,-0.198,0.001,0.006

>n410462
0.001,-0.769,0.046,-0.562,-0.0,0.008,0.0,-0.022,0.017,-0.101,-0.0,0.002,0.001,0.183,-0.001,0.135,0.0,0.004,0.0,-0.023,-0.002,-0.1,0.001,0.003,0.001,0.232,0.025,0.041,0.0,0.004,0.001,0.091,0.032,-0.016,0.0,0.004,0.0,0.067,-0.001,0.01,0.0,0.003,0.0,0.061,0.016,0.042,-0.0,0.003,0.0,0.21,0.007,-0.076,0.0,0.004,0.0,0.083,0.0,-0.007,0.0,0.003

>n410487
0.001,-1.002,0.01,-0.785,0.0,0.005,0.0,0.187,-0.008,-0.19,-0.0,-0.0,0.001,0.012,0.004,0.387,0.001,0.005,0.0,-0.268,-0.006,-0.114,0.001,0.001,0.001,0.061,-0.003,-0.057,0.001,0.001,0.001,0.159,-0.001,-0.008,0.002,0.003,0.001,0.216,-0.01,0.082,0.002,0.004,0.001,0.441,0.033,-0.063,0.002,0.005,0.001,-0.256,0.051,-0.099,0.002,0.004,0.001,0.157,0.009,0.256,0.001,0.005

>n410488
0.0,-0.829,0.018,-0.921,-0.0,0.006,-0.0,-0.184,-0.029,-0.188,-0.0,0.0,0.0,0.103,-0.002,0.205,0.001,0.002,0.001,0.014,0.021,-0.012,0.0,0.002,0.001,0.116,0.022,-0.079,0.001,0.004,0.0,0.062,0.003,0.025,-0.0,0.002,0.0,-0.016,-0.017,-0.085,0.0,0.002,-0.0,0.125,-0.017,0.122,0.001,0.003,0.001,-0.269,0.03,-0.22,-0.0,0.001,0.0,0.142,-0.018,0.133,-0.0,-0.0

>n410523
0.001,-0.731,0.063,-0.349,-0.0,0.007,-0.0,0.107,0.012,-0.118,-0.0,0.001,0.0,0.01,0.009,0.046,-0.0,0.001,0.0,0.053,0.018,-0.049,0.0,0.002,0.0,0.054,0.015,0.0,0.0,0.002,0.0,0.059,0.014,0.03,0.001,0.002,0.0,-0.025,0.022,-0.035,0.0,0.002,0.0,0.119,0.015,0.021,0.001,0.002,0.0,0.013,0.007,-0.015,0.0,0.002,0.0,0.032,0.019,0.019,0.0,0.001

>n410547
0.0,-0.606,0.046,-0.409,-0.0,0.007,0.0,-0.072,0.004,-0.151,-0.0,0.0,0.0,0.041,0.015,0.002,0.0,0.001,0.0,0.02,0.014,0.032,0.0,0.001,0.0,-0.029,-0.001,-0.02,0.0,0.001,0.0,0.014,0.004,0.047,0.0,0.001,0.0,0.031,0.029,-0.013,0.0,0.001,0.0,-0.021,0.01,0.002,0.0,0.001,0.0,0.144,0.012,0.026,0.0,0.001,-0.0,-0.012,0.011,-0.017,0.0,0.001

>n410565
0.001,-0.699,0.026,-0.493,-0.0,0.006,-0.0,-0.063,-0.004,-0.076,-0.0,-0.0,0.001,0.023,-0.006,0.036,0.0,0.001,0.0,-0.094,0.0,-0.069,-0.0,0.001,0.0,-0.005,0.005,0.038,0.0,0.001,0.0,0.084,0.014,0.059,0.0,0.002,0.0,-0.04,0.013,-0.051,0.0,0.002,0.0,0.128,0.001,0.014,0.0,0.002,0.0,0.093,0.018,-0.025,0.0,0.002,0.0,0.021,0.005,0.002,-0.0,0.001

>n410630
0.001,-0.922,0.015,-1.047,-0.0,0.004,0.001,0.132,-0.002,-0.084,-0.0,0.002,0.001,0.204,0.017,0.035,-0.0,0.004,0.001,0.049,0.012,-0.027,-0.0,0.002,0.001,-0.2,-0.001,-0.182,0.0,0.001,0.001,0.565,0.032,0.175,0.0,0.005,0.001,-0.111,0.009,0.011,0.0,0.002,0.001,-0.034,0.003,-0.098,0.0,0.001,0.001,0.25,-0.007,0.043,0.0,0.004,0.0,0.009,0.006,0.023,0.0,0.001

>n410638
0.001,-0.801,0.113,-0.326,-0.0,0.007,-0.0,0.075,0.027,-0.051,0.0,0.002,0.001,0.1,0.038,0.001,0.0,0.003,0.001,-0.07,0.047,0.019,0.0,0.002,0.0,0.067,0.044,0.048,0.0,0.002,0.001,0.139,0.045,-0.007,0.001,0.003,0.001,-0.003,0.034,-0.007,0.0,0.003,0.001,0.143,0.048,0.043,0.0,0.002,0.001,0.003,0.027,-0.001,0.0,0.002,0.0,0.107,0.018,0.018,0.0,0.002

>n410671
0.0,-0.612,-0.001,-0.432,-0.0,0.005,0.0,-0.32,0.002,-0.196,0.0,-0.0,0.0,0.272,0.012,0.073,0.001,0.004,-0.0,-0.281,0.015,-0.017,0.0,0.001,0.0,-0.174,0.013,-0.202,0.001,0.002,0.0,0.373,-0.016,-0.058,0.001,0.003,0.0,-0.148,0.0,-0.011,0.002,0.003,-0.0,-0.097,0.002,-0.169,0.001,0.002,0.0,0.377,0.0,-0.037,0.001,0.004,-0.0,-0.428,-0.021,-0.175,0.001,0.0

>n410678
0.001,-0.785,0.032,-0.719,-0.0,0.007,0.0,-0.067,0.012,-0.186,-0.0,0.001,0.0,0.146,0.018,0.074,0.0,0.002,0.0,-0.078,0.009,-0.052,0.0,0.002,0.0,0.037,0.006,0.009,0.0,0.002,0.001,0.318,0.017,0.075,0.0,0.003,0.0,-0.067,0.001,-0.009,0.0,0.002,0.0,-0.007,0.014,-0.034,0.0,0.002,0.0,0.116,0.02,0.031,0.0,0.002,0.0,0.034,0.001,-0.012,0.0,0.001

>n410722
0.001,-1.049,0.051,-0.408,-0.0,0.007,0.0,0.032,-0.009,-0.105,-0.0,0.001,0.0,0.251,0.001,0.093,0.0,0.003,-0.0,-0.068,-0.0,-0.1,0.0,0.001,-0.0,-0.108,-0.009,-0.006,0.0,0.001,0.0,0.178,-0.033,0.136,0.0,0.002,-0.0,0.08,-0.003,-0.081,0.001,0.003,0.0,0.118,0.016,0.119,0.0,0.002,-0.0,0.132,0.004,0.056,0.0,0.003,0.001,0.121,0.022,0.018,0.0,0.001

>n410787
0.001,-0.77,0.046,-0.319,-0.0,0.006,-0.0,-0.084,-0.009,-0.089,-0.0,-0.0,0.0,0.0,0.007,0.046,-0.0,0.0,0.0,-0.055,0.011,-0.011,-0.0,0.001,0.0,0.077,0.013,0.056,-0.0,0.0,-0.0,0.065,0.006,-0.019,0.0,0.001,0.0,-0.002,-0.006,-0.055,-0.0,0.0,0.0,-0.02,-0.004,0.036,-0.0,0.0,0.0,0.079,0.008,-0.011,-0.0,0.001,0.0,0.002,-0.004,0.024,-0.0,0.0

>n410799
0.001,-0.814,0.031,-0.402,-0.0,0.006,0.0,0.103,0.007,-0.118,-0.0,0.0,0.0,0.046,0.005,0.018,0.0,0.002,0.0,-0.079,0.013,0.002,0.0,0.002,0.0,0.03,0.013,0.0,-0.0,0.001,0.0,0.087,0.021,0.009,0.0,0.001,0.0,0.023,0.016,-0.001,0.0,0.002,0.0,0.019,0.02,-0.015,0.0,0.002,0.0,0.089,0.009,0.03,0.0,0.002,0.0,0.086,0.007,-0.003,0.0,0.002

>n410806
0.001,-0.939,0.032,-0.395,-0.0,0.006,0.0,0.136,0.007,-0.002,-0.0,0.0,-0.0,-0.092,-0.007,0.008,-0.0,0.001,0.0,0.056,-0.006,0.035,-0.0,0.001,0.0,-0.209,0.015,-0.02,-0.001,0.001,0.0,0.158,0.017,0.066,-0.0,0.001,-0.0,-0.124,0.018,-0.0,-0.001,0.001,0.0,0.317,0.024,0.066,-0.0,0.002,0.0,-0.066,-0.002,0.088,-0.0,0.001,0.0,0.151,0.004,0.065,-0.0,0.003

>n410885
0.001,-0.778,0.048,-0.323,-0.0,0.007,-0.0,0.084,0.0,-0.011,0.0,0.001,0.0,-0.1,0.005,-0.02,0.0,0.001,0.0,0.053,0.012,0.031,0.0,0.002,0.0,0.028,0.004,-0.001,0.0,0.002,0.0,0.068,0.003,0.001,0.0,0.001,0.0,0.01,-0.009,0.018,0.0,0.001,-0.0,0.021,0.005,-0.016,0.0,0.001,0.0,0.065,0.005,-0.002,0.0,0.001,0.0,0.123,-0.007,-0.029,0.0,0.001

>n410904
0.001,-0.584,0.048,-1.055,0.0,0.01,0.0,0.098,-0.038,-0.114,-0.0,0.004,0.001,0.205,-0.012,0.407,0.001,0.006,0.0,0.068,0.017,-0.158,0.0,0.004,0.001,0.119,0.004,0.105,0.001,0.005,0.001,0.264,0.007,0.316,0.001,0.006,0.0,0.345,-0.012,-0.009,0.001,0.006,0.001,0.262,0.006,0.128,0.0,0.004,0.0,0.396,0.014,0.143,0.001,0.005,0.001,-0.117,0.029,0.06,0.001,0.005

>n411020
0.001,-0.695,0.049,-0.449,-0.0,0.007,-0.0,-0.024,-0.002,-0.084,-0.0,0.001,0.0,0.04,0.014,0.047,0.0,0.002,0.0,0.015,0.014,0.006,0.0,0.002,-0.0,0.059,-0.004,-0.02,-0.0,0.002,0.0,0.093,0.017,0.073,0.0,0.003,0.0,-0.021,0.012,0.006,0.0,0.002,0.0,0.097,0.012,-0.016,-0.0,0.002,0.0,0.13,0.007,0.04,0.0,0.003,0.0,0.029,0.007,0.025,0.0,0.002

>n411064
0.001,-0.727,0.067,-0.344,-0.0,0.007,0.0,-0.061,0.008,-0.086,-0.0,0.0,0.0,-0.038,0.021,0.091,-0.0,0.001,-0.0,-0.003,-0.005,-0.036,0.0,0.002,0.0,0.097,0.036,-0.021,0.0,0.002,0.0,0.176,0.01,0.076,0.0,0.002,-0.0,-0.127,0.002,-0.023,0.0,0.001,0.0,0.074,-0.003,-0.017,0.0,0.001,0.001,0.018,0.0,0.089,0.0,0.001,0.001,0.147,0.01,-0.01,0.0,0.002

>n411118
0.001,-0.461,0.027,-0.788,0.0,0.01,-0.0,-0.263,0.006,-0.258,-0.0,0.001,0.001,0.36,0.008,0.139,-0.0,0.004,0.0,0.119,0.024,0.005,-0.0,0.003,0.0,-0.011,0.003,-0.082,-0.0,0.002,0.0,0.068,-0.011,0.006,-0.0,0.002,-0.0,0.133,-0.024,0.168,0.0,0.002,-0.0,0.054,-0.004,-0.025,0.001,0.002,0.0,0.043,0.014,-0.052,0.001,0.003,0.0,0.152,0.004,0.024,0.0,0.004

>n411142
0.001,-0.883,0.034,-0.335,-0.0,0.006,-0.0,0.025,-0.001,-0.069,-0.0,0.0,0.0,-0.018,0.01,-0.0,-0.0,0.001,0.0,-0.006,0.011,0.003,-0.0,0.0,0.0,-0.033,0.013,-0.025,0.0,0.0,0.0,0.169,0.011,0.025,0.0,0.001,0.0,-0.104,0.012,-0.006,0.0,0.001,0.0,0.009,0.007,0.006,0.0,0.0,0.0,0.059,0.013,-0.008,-0.0,0.001,0.0,-0.013,0.016,-0.009,0.0,0.001

>n411511
0.001,-0.777,0.066,-0.39,0.0,0.008,0.0,0.029,0.018,-0.07,0.0,0.002,0.0,0.019,-0.002,-0.007,0.0,0.002,0.0,0.065,0.022,0.013,0.0,0.001,0.0,0.027,0.018,-0.029,0.0,0.001,-0.0,0.053,0.003,0.012,0.0,0.002,-0.0,0.096,0.007,-0.013,0.0,0.002,-0.0,0.046,-0.003,-0.01,0.0,0.002,0.0,0.056,0.006,-0.009,0.0,0.002,0.0,-0.01,0.004,-0.011,0.0,0.001

>n411528
0.001,-0.699,0.039,-0.534,0.0,0.008,0.0,-0.005,0.031,-0.121,0.001,0.003,0.0,-0.04,0.019,0.068,0.0,0.003,0.0,-0.203,0.037,-0.036,0.001,0.002,0.001,0.184,0.025,0.049,0.0,0.002,0.0,0.036,0.028,-0.016,0.001,0.004,-0.0,-0.002,0.011,-0.012,0.001,0.002,0.0,-0.06,0.001,0.03,0.001,0.001,0.0,0.062,0.033,-0.05,0.001,0.003,0.0,0.101,0.02,-0.099,0.001,0.003

>n411550
0.0,-0.693,0.02,-0.481,-0.0,0.006,-0.0,0.038,-0.014,-0.17,-0.001,-0.001,0.0,-0.065,-0.0,0.09,-0.001,-0.001,0.0,-0.059,0.013,-0.001,-0.0,0.0,0.001,-0.012,0.014,-0.012,0.0,0.0,0.0,0.192,0.0,0.121,0.0,0.001,0.0,-0.039,-0.003,-0.02,-0.0,0.0,0.0,-0.085,-0.007,0.027,-0.0,0.0,0.0,0.151,-0.005,0.077,-0.0,0.001,-0.0,0.014,-0.021,0.068,-0.001,-0.0

>n411552
0.001,-0.803,0.028,-0.533,0.0,0.007,0.0,0.088,0.006,-0.094,-0.0,0.001,0.001,0.037,0.004,0.008,-0.0,0.002,0.0,-0.021,0.004,-0.037,-0.0,0.001,0.0,0.047,0.009,-0.014,-0.0,0.001,0.0,0.076,0.002,0.01,0.0,0.002,0.0,0.001,0.011,-0.01,0.0,0.001,0.0,-0.001,0.004,0.035,0.0,0.001,0.001,0.075,0.006,0.037,0.0,0.002,0.0,0.066,0.001,-0.022,0.0,0.002

>n411556
0.001,-0.733,0.033,-0.651,0.0,0.007,0.0,0.136,0.005,-0.067,0.0,0.002,0.0,-0.081,0.007,0.01,0.0,0.002,0.001,0.034,0.014,-0.028,-0.0,0.002,0.0,-0.11,-0.01,-0.027,-0.0,0.001,0.0,0.082,0.009,0.077,-0.0,0.002,-0.0,0.253,-0.008,-0.059,-0.0,0.003,0.0,0.18,0.009,0.101,-0.0,0.002,0.0,-0.065,0.023,0.09,0.0,0.001,0.001,0.346,0.014,0.026,0.0,0.004

>n411578
0.0,-0.69,0.024,-0.521,-0.0,0.007,0.0,0.005,0.009,-0.093,-0.0,0.0,0.0,0.051,-0.004,0.032,0.0,0.001,0.0,-0.016,0.002,0.046,0.0,0.001,0.0,0.043,0.003,-0.065,0.0,0.002,0.0,0.221,0.001,0.042,0.0,0.002,0.0,-0.015,-0.001,-0.018,0.001,0.001,-0.0,0.101,0.012,-0.043,0.0,0.001,-0.0,0.125,0.002,0.054,0.0,0.002,-0.0,0.13,0.013,-0.016,0.0,0.002

>n411597
0.001,-0.79,0.056,-0.455,-0.0,0.008,0.0,0.011,0.005,-0.095,-0.0,0.002,0.0,-0.03,0.012,0.031,0.0,0.003,0.0,0.16,0.017,-0.01,0.001,0.003,0.001,0.103,0.001,0.023,0.0,0.003,0.0,0.158,0.008,-0.005,0.0,0.004,0.0,0.088,0.016,0.005,0.0,0.003,0.0,0.126,0.005,0.035,0.0,0.003,0.0,0.052,0.013,-0.043,0.001,0.003,0.001,0.11,0.021,0.02,0.0,0.003

>n411615
0.001,-1.128,-0.001,-1.17,-0.0,0.004,0.001,0.307,-0.001,0.028,-0.0,0.002,-0.0,-0.01,0.009,-0.093,-0.0,0.002,0.001,-0.03,0.03,0.032,-0.0,0.001,0.0,0.096,-0.005,-0.03,-0.0,0.002,0.001,0.126,-0.002,-0.045,0.0,0.003,0.001,0.19,0.01,0.146,0.0,0.003,0.001,-0.103,0.017,-0.063,0.001,0.003,0.001,0.219,0.015,0.1,0.001,0.004,0.001,0.036,0.01,0.113,0.001,0.003

>n411622
0.0,-0.78,0.026,-0.957,-0.0,0.005,-0.0,0.066,-0.004,-0.051,-0.0,0.001,0.0,-0.041,0.002,0.06,-0.0,0.001,0.0,-0.091,0.007,0.027,0.0,0.0,0.0,0.113,-0.0,0.015,-0.0,0.002,0.001,0.119,0.012,0.13,0.0,0.002,0.0,0.028,0.012,-0.038,-0.0,0.001,0.001,0.142,0.007,0.08,0.0,0.002,-0.0,0.175,0.01,-0.017,0.0,0.002,-0.0,0.061,0.002,0.055,0.0,0.002

>n411623
0.001,-0.807,0.059,-0.499,0.0,0.008,-0.0,0.265,0.0,-0.098,0.0,0.002,0.001,-0.049,0.023,-0.029,0.0,0.003,0.001,0.041,0.026,-0.018,0.0,0.002,0.0,0.078,0.012,-0.01,-0.0,0.002,-0.0,0.204,0.04,-0.003,0.0,0.003,0.0,-0.166,0.023,-0.033,-0.001,0.001,0.0,0.133,0.019,0.004,-0.0,0.002,0.0,0.114,0.009,-0.039,-0.001,0.002,0.0,0.1,0.03,-0.027,-0.001,0.001

>n411666
0.0,-0.777,0.002,-1.004,-0.0,0.004,-0.0,-0.014,-0.006,-0.155,-0.0,0.001,0.0,0.05,0.013,0.016,0.0,0.003,-0.0,-0.079,-0.002,-0.096,0.0,0.001,0.0,-0.188,0.007,-0.014,-0.0,0.0,0.0,0.322,0.016,0.076,0.0,0.002,-0.0,-0.144,-0.001,0.0,0.0,0.0,0.0,0.012,-0.003,0.057,0.0,0.002,0.0,0.044,0.003,-0.105,0.0,0.002,0.0,0.109,0.001,0.025,0.0,0.002

>n411678
0.001,-1.114,0.023,-0.747,-0.0,0.005,0.001,0.08,0.008,-0.067,0.0,-0.001,0.001,-0.038,0.013,-0.03,0.001,0.001,0.001,0.044,0.016,0.109,0.001,0.001,0.001,-0.179,-0.005,-0.026,0.0,0.0,-0.0,0.283,0.001,0.037,0.0,0.001,0.0,0.027,0.012,0.189,0.0,0.0,0.001,0.135,0.002,0.019,-0.0,0.002,0.0,0.011,0.006,0.192,-0.0,0.002,0.0,0.222,0.005,-0.028,-0.001,0.0

>n411679
0.001,-1.081,0.025,-0.729,-0.0,0.005,0.001,0.058,0.003,-0.078,0.0,-0.0,0.0,-0.014,0.014,-0.046,0.001,0.001,0.001,0.005,0.016,0.136,0.001,0.001,0.001,-0.17,-0.004,-0.035,0.0,0.0,-0.0,0.261,-0.003,-0.006,0.0,0.001,0.0,0.052,0.012,0.223,0.0,0.001,0.001,0.089,-0.001,0.012,0.0,0.002,0.001,0.039,0.003,0.189,-0.0,0.002,0.0,0.212,0.004,-0.044,-0.0,0.0

>n411680
0.001,-1.104,0.022,-0.779,-0.0,0.004,0.0,0.008,0.002,-0.056,0.0,-0.001,0.0,0.094,0.013,-0.023,0.001,0.002,0.001,-0.043,0.011,0.117,0.001,0.001,0.001,-0.121,-0.001,-0.024,0.0,0.0,-0.0,0.23,0.0,0.012,0.0,0.0,0.0,-0.001,0.013,0.212,-0.0,-0.0,0.001,0.092,-0.005,0.001,-0.0,0.002,0.0,0.087,0.007,0.22,-0.0,0.002,0.0,0.09,0.005,0.002,-0.001,-0.001

>n411681
0.001,-1.046,0.067,-0.544,-0.0,0.006,0.0,0.089,0.013,0.003,0.0,0.001,0.0,0.062,0.004,0.009,0.0,0.002,0.0,0.081,0.016,0.019,0.0,0.002,-0.0,-0.082,0.002,0.052,0.0,0.002,0.0,0.055,0.003,0.04,0.0,0.002,0.0,0.045,0.021,0.067,0.001,0.004,0.001,0.203,0.0,-0.027,0.001,0.003,-0.0,-0.015,0.005,0.024,0.001,0.002,0.0,0.067,0.014,0.004,0.0,0.002

>n411694
0.001,-0.798,0.023,-0.543,-0.0,0.006,-0.0,-0.124,0.003,-0.147,-0.0,-0.001,0.0,0.029,-0.014,0.147,0.0,0.001,0.0,0.045,-0.004,-0.135,-0.0,0.001,0.0,-0.062,0.007,-0.165,-0.0,0.001,0.001,0.135,0.017,0.216,0.0,0.001,0.0,-0.011,0.009,-0.074,0.0,0.001,0.0,0.108,0.004,-0.123,0.0,0.002,0.0,0.204,-0.012,0.202,0.0,0.001,0.0,-0.026,-0.004,-0.114,0.0,0.001

>n411719
0.001,-0.646,0.04,-0.267,-0.001,0.005,0.001,-0.138,-0.002,-0.04,0.0,0.001,0.001,0.182,0.043,-0.012,0.001,0.002,-0.0,-0.151,-0.005,0.088,-0.0,0.001,0.001,0.177,-0.007,0.151,0.0,0.001,0.0,0.252,0.006,-0.004,-0.0,0.001,-0.0,0.052,0.005,0.087,0.0,0.0,0.0,-0.209,0.003,0.176,-0.001,-0.001,0.001,0.423,-0.025,0.161,0.0,-0.0,0.0,-0.263,-0.027,0.143,-0.001,-0.002

>n411720
0.001,-0.679,0.014,-0.793,-0.0,0.006,-0.0,-0.061,-0.014,-0.093,-0.0,0.0,0.001,0.017,-0.019,0.121,0.0,0.002,0.0,-0.114,-0.017,0.015,0.0,0.002,0.0,-0.1,0.008,-0.048,-0.0,0.002,0.001,0.344,0.002,0.197,-0.0,0.003,0.0,-0.13,0.008,-0.115,0.0,0.002,0.0,0.214,0.0,0.14,0.0,0.003,0.0,0.086,-0.004,0.076,0.0,0.002,0.0,0.174,0.016,-0.003,-0.0,0.003

>n411727
0.001,-0.812,0.026,-0.783,-0.0,0.005,-0.0,0.062,0.015,-0.016,-0.0,-0.001,0.0,-0.059,0.006,0.027,-0.0,0.001,0.0,-0.067,0.01,0.003,-0.001,0.0,-0.001,-0.108,-0.018,-0.021,-0.001,0.001,-0.0,0.102,0.005,0.207,-0.001,-0.0,-0.0,0.097,-0.006,0.216,-0.001,-0.001,-0.0,-0.478,-0.013,-0.07,-0.001,-0.002,-0.0,0.244,-0.001,0.148,-0.001,-0.001,0.0,-0.127,-0.009,0.234,-0.002,-0.002

