>n408890
0.07,0.049,0.085,0.048,0.077,0.068,0.02,0.069,0.072,0.062,0.095,0.053,0.033,0.054,0.082,0.063

>n408895
0.12,0.051,0.088,0.063,0.085,0.057,0.015,0.057,0.074,0.053,0.051,0.053,0.043,0.053,0.078,0.06

>n409083
0.113,0.05,0.065,0.093,0.065,0.033,0.004,0.059,0.059,0.03,0.035,0.057,0.084,0.048,0.076,0.129

>n409084
0.081,0.054,0.075,0.057,0.084,0.063,0.011,0.079,0.062,0.062,0.078,0.046,0.04,0.058,0.083,0.066

>n409115
0.032,0.037,0.07,0.032,0.067,0.114,0.024,0.098,0.056,0.081,0.109,0.052,0.018,0.071,0.094,0.046

>n409143
0.096,0.037,0.078,0.058,0.066,0.057,0.02,0.071,0.063,0.051,0.059,0.055,0.044,0.069,0.071,0.105

>n409149
0.126,0.045,0.074,0.08,0.056,0.034,0.019,0.056,0.07,0.041,0.051,0.051,0.073,0.045,0.069,0.111

>n409152
0.095,0.046,0.07,0.077,0.064,0.047,0.01,0.068,0.062,0.044,0.053,0.053,0.066,0.053,0.078,0.115

>n409156
0.045,0.042,0.075,0.047,0.072,0.093,0.018,0.092,0.049,0.07,0.063,0.056,0.044,0.07,0.081,0.084

>n409159
0.092,0.048,0.076,0.071,0.065,0.051,0.018,0.064,0.078,0.051,0.058,0.053,0.052,0.049,0.088,0.083

>n409170
0.038,0.039,0.074,0.033,0.069,0.097,0.049,0.088,0.06,0.105,0.091,0.049,0.018,0.061,0.09,0.041

>n409172
0.083,0.052,0.064,0.072,0.069,0.06,0.015,0.079,0.057,0.044,0.048,0.052,0.063,0.067,0.074,0.101

>n409179
0.058,0.056,0.066,0.05,0.083,0.084,0.03,0.072,0.052,0.067,0.075,0.059,0.037,0.062,0.083,0.067

>n409180
0.095,0.061,0.054,0.083,0.074,0.05,0.013,0.08,0.067,0.03,0.042,0.051,0.057,0.075,0.082,0.087

>n409183
0.073,0.044,0.071,0.075,0.07,0.05,0.017,0.074,0.065,0.055,0.051,0.053,0.055,0.061,0.085,0.099

>n409190
0.083,0.049,0.092,0.062,0.078,0.052,0.015,0.063,0.078,0.056,0.064,0.053,0.048,0.051,0.08,0.076

>n409235
0.049,0.042,0.092,0.036,0.074,0.093,0.034,0.078,0.077,0.086,0.089,0.047,0.019,0.058,0.084,0.042

>n409250
0.098,0.052,0.074,0.077,0.066,0.043,0.015,0.067,0.064,0.043,0.05,0.052,0.072,0.054,0.071,0.103

>n409256
0.104,0.053,0.075,0.076,0.067,0.059,0.013,0.059,0.072,0.029,0.043,0.058,0.063,0.057,0.071,0.1

>n409275
0.053,0.045,0.083,0.056,0.072,0.056,0.023,0.069,0.067,0.056,0.076,0.069,0.046,0.064,0.085,0.08

>n409282
0.059,0.044,0.074,0.056,0.064,0.063,0.024,0.076,0.061,0.055,0.064,0.07,0.05,0.065,0.087,0.086

>n409291
0.05,0.049,0.067,0.041,0.071,0.11,0.049,0.072,0.052,0.087,0.08,0.054,0.035,0.058,0.075,0.048

>n409305
0.099,0.054,0.063,0.085,0.076,0.038,0.009,0.056,0.058,0.041,0.045,0.056,0.068,0.046,0.083,0.12

>n409320
0.07,0.055,0.067,0.059,0.072,0.059,0.029,0.071,0.065,0.066,0.072,0.051,0.044,0.051,0.085,0.084

>n409334
0.065,0.04,0.085,0.043,0.056,0.077,0.03,0.077,0.068,0.062,0.095,0.053,0.045,0.06,0.068,0.075

>n409359
0.063,0.047,0.064,0.075,0.061,0.047,0.017,0.079,0.057,0.052,0.052,0.063,0.067,0.058,0.091,0.108

>n409368
0.026,0.047,0.081,0.019,0.072,0.112,0.056,0.084,0.064,0.11,0.109,0.047,0.01,0.055,0.084,0.023

>n409402
0.087,0.053,0.089,0.068,0.096,0.049,0.024,0.048,0.085,0.067,0.063,0.039,0.031,0.048,0.077,0.077

>n409406
0.122,0.047,0.078,0.065,0.07,0.052,0.018,0.066,0.068,0.051,0.06,0.05,0.052,0.057,0.072,0.074

>n409438
0.063,0.064,0.069,0.058,0.093,0.103,0.03,0.072,0.06,0.058,0.062,0.04,0.039,0.072,0.058,0.059

>n409442
0.089,0.063,0.08,0.041,0.08,0.075,0.032,0.073,0.071,0.067,0.078,0.044,0.034,0.055,0.069,0.048

>n409499
0.097,0.053,0.079,0.063,0.081,0.062,0.021,0.064,0.067,0.06,0.065,0.045,0.047,0.053,0.072,0.069

>n409519
0.062,0.051,0.07,0.037,0.064,0.096,0.058,0.067,0.059,0.079,0.078,0.055,0.036,0.059,0.064,0.066

>n409529
0.101,0.05,0.073,0.075,0.067,0.04,0.014,0.068,0.069,0.04,0.051,0.051,0.062,0.06,0.073,0.106

>n409540
0.079,0.049,0.082,0.065,0.077,0.06,0.02,0.063,0.071,0.055,0.068,0.057,0.049,0.055,0.082,0.068

>n409548
0.091,0.052,0.095,0.059,0.078,0.049,0.015,0.065,0.08,0.054,0.057,0.05,0.047,0.052,0.074,0.078

>n409559
0.048,0.058,0.083,0.037,0.085,0.117,0.027,0.088,0.072,0.067,0.075,0.038,0.02,0.075,0.067,0.044

>n409618
0.07,0.049,0.09,0.063,0.118,0.096,0.04,0.037,0.051,0.093,0.063,0.045,0.034,0.053,0.059,0.038

>n409625
0.095,0.044,0.071,0.069,0.057,0.05,0.028,0.061,0.062,0.049,0.05,0.06,0.066,0.052,0.072,0.116

>n409636
0.145,0.047,0.085,0.079,0.078,0.035,0.011,0.056,0.076,0.041,0.027,0.049,0.059,0.056,0.068,0.087

>n409638
0.116,0.056,0.078,0.08,0.082,0.046,0.007,0.064,0.066,0.041,0.047,0.046,0.067,0.056,0.067,0.082

>n409649
0.106,0.048,0.078,0.08,0.059,0.042,0.024,0.052,0.073,0.039,0.051,0.063,0.075,0.048,0.072,0.09

>n409672
0.074,0.046,0.068,0.077,0.067,0.057,0.016,0.071,0.061,0.047,0.051,0.054,0.062,0.061,0.079,0.11

>n409673
0.068,0.048,0.075,0.058,0.078,0.083,0.014,0.083,0.064,0.054,0.066,0.047,0.039,0.073,0.075,0.074

>n409674
0.113,0.054,0.073,0.071,0.073,0.043,0.023,0.057,0.072,0.049,0.057,0.046,0.053,0.051,0.07,0.095

>n409683
0.104,0.048,0.066,0.084,0.072,0.046,0.013,0.064,0.058,0.045,0.033,0.053,0.068,0.056,0.078,0.114

>n409684
0.083,0.052,0.072,0.05,0.07,0.08,0.042,0.073,0.07,0.069,0.07,0.044,0.035,0.064,0.068,0.058

>n409707
0.081,0.053,0.073,0.068,0.076,0.056,0.013,0.075,0.064,0.051,0.064,0.045,0.055,0.06,0.073,0.093

>n409709
0.084,0.041,0.063,0.074,0.067,0.052,0.015,0.069,0.055,0.052,0.061,0.053,0.057,0.057,0.082,0.119

>n409726
0.05,0.035,0.054,0.049,0.05,0.071,0.061,0.074,0.039,0.073,0.069,0.064,0.049,0.076,0.062,0.122

>n409756
0.064,0.05,0.072,0.053,0.076,0.071,0.028,0.077,0.064,0.064,0.087,0.047,0.034,0.069,0.074,0.069

>n410005
0.068,0.053,0.078,0.052,0.078,0.065,0.03,0.074,0.076,0.071,0.067,0.049,0.031,0.058,0.087,0.063

>n410019
0.03,0.057,0.065,0.028,0.078,0.112,0.061,0.082,0.056,0.102,0.095,0.05,0.017,0.062,0.082,0.024

>n410026
0.07,0.051,0.093,0.022,0.073,0.112,0.044,0.074,0.083,0.077,0.082,0.045,0.01,0.063,0.069,0.033

>n410038
0.046,0.057,0.067,0.031,0.071,0.118,0.03,0.093,0.057,0.072,0.088,0.042,0.028,0.063,0.075,0.062

>n410042
0.029,0.049,0.063,0.021,0.063,0.139,0.047,0.099,0.056,0.081,0.102,0.051,0.013,0.08,0.078,0.031

>n410063
0.1,0.055,0.063,0.065,0.071,0.076,0.022,0.08,0.048,0.057,0.042,0.04,0.064,0.061,0.06,0.098

>n410066
0.046,0.034,0.074,0.037,0.052,0.1,0.05,0.083,0.067,0.084,0.083,0.059,0.025,0.067,0.086,0.055

>n410068
0.07,0.062,0.074,0.059,0.099,0.062,0.013,0.066,0.069,0.054,0.067,0.051,0.027,0.061,0.088,0.077

>n410070
0.096,0.056,0.072,0.069,0.08,0.066,0.021,0.069,0.059,0.052,0.067,0.048,0.058,0.062,0.066,0.058

>n410072
0.062,0.049,0.077,0.023,0.065,0.114,0.048,0.072,0.062,0.083,0.107,0.049,0.022,0.052,0.07,0.044

>n410076
0.034,0.043,0.068,0.036,0.068,0.099,0.02,0.088,0.054,0.075,0.097,0.055,0.025,0.058,0.095,0.083

>n410080
0.04,0.051,0.064,0.022,0.055,0.115,0.075,0.08,0.063,0.095,0.082,0.055,0.019,0.064,0.075,0.045

>n410105
0.043,0.046,0.075,0.041,0.071,0.095,0.034,0.083,0.057,0.08,0.067,0.05,0.033,0.063,0.077,0.084

>n410108
0.079,0.037,0.078,0.053,0.039,0.055,0.039,0.068,0.076,0.061,0.097,0.056,0.053,0.049,0.075,0.084

>n410128
0.047,0.056,0.076,0.034,0.085,0.104,0.026,0.084,0.06,0.075,0.089,0.05,0.021,0.065,0.083,0.045

>n410131
0.04,0.046,0.091,0.031,0.081,0.083,0.041,0.075,0.069,0.094,0.089,0.054,0.018,0.057,0.085,0.047

>n410143
0.082,0.046,0.062,0.084,0.064,0.051,0.016,0.068,0.056,0.039,0.049,0.06,0.072,0.064,0.076,0.112

>n410149
0.101,0.048,0.073,0.071,0.069,0.045,0.018,0.059,0.059,0.045,0.05,0.06,0.064,0.053,0.073,0.113

>n410152
0.113,0.055,0.075,0.061,0.064,0.046,0.012,0.071,0.066,0.042,0.049,0.06,0.06,0.05,0.081,0.095

>n410153
0.05,0.041,0.094,0.033,0.082,0.123,0.023,0.081,0.064,0.082,0.08,0.041,0.023,0.062,0.07,0.051

>n410161
0.087,0.052,0.081,0.072,0.081,0.048,0.013,0.061,0.073,0.052,0.069,0.056,0.051,0.051,0.087,0.067

>n410167
0.12,0.052,0.078,0.081,0.07,0.032,0.01,0.062,0.076,0.037,0.044,0.051,0.064,0.054,0.076,0.095

>n410170
0.081,0.051,0.087,0.056,0.08,0.061,0.026,0.064,0.083,0.062,0.071,0.051,0.031,0.057,0.082,0.057

>n410188
0.051,0.051,0.098,0.054,0.104,0.087,0.029,0.058,0.071,0.08,0.064,0.044,0.028,0.06,0.067,0.054

>n410189
0.118,0.07,0.084,0.065,0.079,0.044,0.014,0.066,0.1,0.037,0.055,0.038,0.04,0.052,0.079,0.061

>n410191
0.083,0.049,0.103,0.065,0.078,0.058,0.015,0.062,0.107,0.049,0.064,0.045,0.031,0.056,0.084,0.052

>n410194
0.138,0.056,0.098,0.062,0.066,0.026,0.01,0.079,0.098,0.049,0.03,0.039,0.052,0.049,0.079,0.069

>n410199
0.129,0.048,0.084,0.071,0.065,0.049,0.014,0.057,0.089,0.048,0.069,0.046,0.049,0.04,0.085,0.057

>n410203
0.064,0.053,0.089,0.042,0.077,0.085,0.021,0.073,0.083,0.066,0.091,0.047,0.024,0.052,0.086,0.047

>n410249
0.071,0.055,0.061,0.094,0.072,0.045,0.009,0.064,0.051,0.033,0.033,0.059,0.088,0.057,0.073,0.134

>n410453
0.039,0.041,0.07,0.023,0.093,0.14,0.025,0.122,0.021,0.099,0.062,0.031,0.02,0.099,0.058,0.055

>n410456
0.116,0.056,0.089,0.059,0.075,0.047,0.016,0.071,0.092,0.056,0.051,0.043,0.037,0.05,0.086,0.058

>n410457
0.093,0.044,0.055,0.078,0.045,0.048,0.041,0.046,0.067,0.053,0.074,0.052,0.066,0.035,0.075,0.128

>n410462
0.103,0.045,0.09,0.078,0.068,0.048,0.026,0.042,0.081,0.052,0.054,0.05,0.064,0.038,0.068,0.092

>n410487
0.072,0.05,0.084,0.055,0.068,0.063,0.035,0.074,0.077,0.068,0.053,0.045,0.043,0.06,0.069,0.084

>n410488
0.068,0.053,0.069,0.061,0.076,0.065,0.043,0.065,0.067,0.08,0.077,0.042,0.041,0.051,0.076,0.065

>n410523
0.103,0.046,0.089,0.065,0.065,0.044,0.009,0.064,0.076,0.044,0.062,0.057,0.06,0.048,0.079,0.089

>n410547
0.072,0.05,0.073,0.058,0.07,0.07,0.011,0.082,0.065,0.054,0.066,0.048,0.046,0.059,0.083,0.092

>n410565
0.095,0.051,0.077,0.069,0.071,0.044,0.02,0.068,0.073,0.051,0.055,0.049,0.052,0.056,0.077,0.092

>n410630
0.046,0.053,0.045,0.033,0.066,0.106,0.049,0.102,0.037,0.098,0.09,0.041,0.028,0.066,0.082,0.059

>n410638
0.125,0.048,0.063,0.08,0.069,0.043,0.009,0.064,0.049,0.04,0.042,0.051,0.072,0.054,0.069,0.12

>n410671
0.063,0.061,0.095,0.051,0.098,0.103,0.019,0.07,0.078,0.054,0.073,0.037,0.031,0.072,0.054,0.041

>n410678
0.057,0.05,0.07,0.046,0.07,0.088,0.039,0.08,0.062,0.073,0.08,0.045,0.035,0.066,0.071,0.067

>n410722
0.086,0.055,0.075,0.072,0.063,0.056,0.017,0.072,0.066,0.042,0.045,0.057,0.073,0.054,0.074,0.093

>n410787
0.11,0.052,0.074,0.077,0.065,0.042,0.008,0.07,0.065,0.036,0.04,0.051,0.073,0.056,0.07,0.112

>n410799
0.075,0.049,0.08,0.061,0.076,0.056,0.014,0.071,0.066,0.05,0.067,0.06,0.048,0.061,0.082,0.082

>n410806
0.073,0.051,0.07,0.07,0.079,0.061,0.014,0.074,0.06,0.048,0.051,0.056,0.052,0.067,0.081,0.093

>n410885
0.102,0.044,0.065,0.099,0.065,0.036,0.008,0.065,0.058,0.035,0.038,0.048,0.085,0.06,0.067,0.125

>n410904
0.1,0.04,0.068,0.046,0.053,0.083,0.048,0.065,0.066,0.082,0.072,0.042,0.035,0.043,0.075,0.081

>n411020
0.097,0.048,0.085,0.069,0.072,0.048,0.016,0.064,0.073,0.051,0.057,0.051,0.057,0.054,0.074,0.086

>n411064
0.063,0.043,0.063,0.079,0.078,0.051,0.008,0.069,0.051,0.046,0.051,0.058,0.056,0.065,0.084,0.134

>n411118
0.074,0.032,0.066,0.039,0.047,0.08,0.049,0.071,0.061,0.075,0.111,0.054,0.03,0.06,0.076,0.075

>n411142
0.076,0.052,0.062,0.071,0.072,0.062,0.008,0.084,0.047,0.042,0.043,0.059,0.065,0.07,0.077,0.111

>n411511
0.106,0.046,0.071,0.08,0.063,0.051,0.014,0.062,0.058,0.042,0.053,0.055,0.075,0.052,0.07,0.102

>n411528
0.09,0.049,0.078,0.063,0.071,0.065,0.026,0.074,0.059,0.055,0.051,0.048,0.061,0.066,0.059,0.087

>n411550
0.063,0.057,0.076,0.041,0.082,0.081,0.017,0.088,0.061,0.064,0.08,0.047,0.032,0.065,0.079,0.067

>n411552
0.065,0.049,0.072,0.06,0.069,0.066,0.025,0.073,0.063,0.056,0.073,0.059,0.05,0.062,0.08,0.076

>n411556
0.089,0.048,0.093,0.067,0.074,0.049,0.029,0.052,0.087,0.052,0.077,0.049,0.048,0.055,0.066,0.061

>n411578
0.092,0.059,0.085,0.052,0.075,0.068,0.022,0.068,0.074,0.055,0.079,0.05,0.046,0.052,0.073,0.05

>n411597
0.074,0.046,0.054,0.066,0.061,0.073,0.018,0.082,0.051,0.049,0.059,0.054,0.054,0.067,0.081,0.111

>n411615
0.035,0.052,0.07,0.033,0.07,0.112,0.062,0.072,0.057,0.094,0.081,0.053,0.028,0.058,0.071,0.05

>n411622
0.034,0.042,0.07,0.028,0.065,0.104,0.049,0.091,0.051,0.089,0.098,0.056,0.023,0.074,0.078,0.047

>n411623
0.065,0.054,0.079,0.046,0.073,0.063,0.025,0.068,0.065,0.054,0.072,0.061,0.041,0.058,0.076,0.101

>n411666
0.036,0.045,0.096,0.03,0.073,0.099,0.054,0.067,0.083,0.106,0.104,0.044,0.015,0.043,0.083,0.024

>n411678
0.049,0.065,0.067,0.036,0.074,0.071,0.038,0.081,0.068,0.068,0.077,0.061,0.026,0.062,0.092,0.064

>n411679
0.05,0.066,0.068,0.037,0.072,0.07,0.038,0.079,0.071,0.064,0.075,0.063,0.027,0.06,0.092,0.066

>n411680
0.05,0.065,0.07,0.034,0.072,0.07,0.041,0.079,0.072,0.066,0.076,0.063,0.026,0.061,0.089,0.064

>n411681
0.097,0.058,0.067,0.081,0.08,0.047,0.019,0.073,0.057,0.051,0.042,0.048,0.069,0.063,0.071,0.078

>n411694
0.105,0.042,0.085,0.069,0.068,0.034,0.023,0.061,0.077,0.058,0.051,0.053,0.051,0.052,0.08,0.091

>n411719
0.111,0.061,0.1,0.063,0.08,0.036,0.007,0.047,0.091,0.034,0.077,0.058,0.054,0.039,0.076,0.066

>n411720
0.095,0.05,0.081,0.055,0.069,0.046,0.039,0.062,0.08,0.066,0.067,0.05,0.037,0.054,0.075,0.075

>n411727
0.075,0.061,0.087,0.046,0.087,0.069,0.041,0.064,0.09,0.066,0.071,0.047,0.017,0.063,0.076,0.04

