>n345881
0.087,0.052,0.081,0.067,0.074,0.055,0.007,0.074,0.073,0.043,0.06,0.05,0.052,0.06,0.079,0.087

>n345885
0.035,0.046,0.095,0.033,0.089,0.101,0.033,0.067,0.071,0.087,0.097,0.058,0.015,0.056,0.087,0.03

>n345886
0.081,0.048,0.074,0.068,0.072,0.057,0.01,0.076,0.067,0.047,0.065,0.051,0.05,0.062,0.082,0.089

>n345887
0.078,0.052,0.077,0.044,0.071,0.068,0.027,0.079,0.074,0.074,0.092,0.04,0.026,0.051,0.085,0.063

>n345888
0.091,0.051,0.077,0.064,0.074,0.061,0.037,0.059,0.064,0.074,0.064,0.048,0.054,0.044,0.072,0.066

>n345903
0.068,0.065,0.079,0.055,0.092,0.065,0.038,0.054,0.087,0.071,0.085,0.051,0.02,0.046,0.093,0.032

>n345904
0.119,0.046,0.08,0.076,0.069,0.037,0.009,0.069,0.069,0.042,0.047,0.046,0.064,0.058,0.069,0.1

>n345909
0.089,0.056,0.056,0.079,0.065,0.107,0.019,0.065,0.075,0.051,0.075,0.037,0.051,0.037,0.093,0.042

>n345912
0.165,0.051,0.086,0.07,0.07,0.035,0.027,0.038,0.081,0.038,0.057,0.054,0.059,0.043,0.059,0.065

>n345915
0.073,0.047,0.098,0.069,0.059,0.063,0.024,0.055,0.122,0.047,0.067,0.053,0.035,0.043,0.1,0.045

>n345916
0.01,0.038,0.115,0.035,0.087,0.087,0.056,0.059,0.091,0.108,0.112,0.049,0.01,0.056,0.077,0.007

>n345925
0.082,0.039,0.073,0.076,0.073,0.048,0.009,0.072,0.077,0.039,0.058,0.061,0.038,0.073,0.098,0.083

>n345934
0.082,0.054,0.068,0.075,0.072,0.059,0.012,0.074,0.063,0.049,0.047,0.046,0.062,0.055,0.079,0.103

>n345935
0.102,0.056,0.065,0.073,0.07,0.053,0.01,0.07,0.054,0.035,0.042,0.057,0.069,0.059,0.071,0.115

>n345939
0.085,0.042,0.076,0.076,0.072,0.042,0.025,0.081,0.076,0.051,0.051,0.038,0.051,0.081,0.064,0.089

>n345941
0.131,0.05,0.056,0.06,0.054,0.067,0.03,0.056,0.059,0.04,0.05,0.06,0.054,0.049,0.073,0.111

>n345943
0.033,0.043,0.109,0.034,0.089,0.104,0.029,0.069,0.081,0.094,0.103,0.042,0.016,0.049,0.08,0.027

>n345954
0.099,0.05,0.077,0.056,0.07,0.061,0.024,0.073,0.078,0.054,0.061,0.047,0.035,0.065,0.077,0.073

>n345955
0.146,0.056,0.09,0.076,0.078,0.026,0.012,0.057,0.09,0.04,0.036,0.045,0.055,0.051,0.072,0.07

>n345957
0.156,0.074,0.074,0.078,0.095,0.058,0.012,0.053,0.053,0.041,0.016,0.041,0.078,0.045,0.045,0.078

>n345960
0.018,0.05,0.066,0.023,0.068,0.129,0.048,0.075,0.054,0.07,0.095,0.086,0.016,0.07,0.098,0.034

>n345966
0.127,0.039,0.062,0.055,0.046,0.048,0.041,0.06,0.069,0.065,0.088,0.058,0.044,0.044,0.085,0.069

>n345971
0.021,0.054,0.055,0.028,0.07,0.106,0.064,0.088,0.05,0.109,0.099,0.055,0.017,0.059,0.096,0.03

>n345975
0.067,0.044,0.09,0.056,0.068,0.06,0.017,0.076,0.072,0.06,0.073,0.054,0.05,0.057,0.08,0.075

>n345977
0.036,0.046,0.089,0.029,0.072,0.113,0.06,0.065,0.081,0.095,0.104,0.034,0.01,0.056,0.062,0.048

>n345981
0.07,0.057,0.076,0.065,0.082,0.058,0.018,0.083,0.072,0.056,0.052,0.05,0.043,0.07,0.083,0.067

>n345988
0.063,0.044,0.061,0.059,0.069,0.069,0.042,0.075,0.071,0.069,0.08,0.061,0.025,0.073,0.098,0.04

>n346007
0.125,0.056,0.082,0.079,0.08,0.043,0.008,0.051,0.076,0.038,0.061,0.047,0.062,0.044,0.071,0.076

>n346012
0.094,0.048,0.089,0.068,0.08,0.05,0.014,0.054,0.08,0.048,0.064,0.058,0.045,0.052,0.083,0.075

>n346026
0.109,0.059,0.089,0.056,0.083,0.054,0.015,0.06,0.076,0.053,0.067,0.054,0.045,0.046,0.08,0.052

>n346031
0.075,0.062,0.079,0.043,0.089,0.074,0.036,0.071,0.068,0.075,0.077,0.046,0.027,0.059,0.075,0.044

>n346032
0.092,0.046,0.075,0.08,0.061,0.044,0.005,0.082,0.067,0.04,0.057,0.046,0.073,0.062,0.073,0.098

>n346033
0.036,0.039,0.089,0.036,0.068,0.083,0.042,0.07,0.083,0.076,0.143,0.052,0.013,0.065,0.081,0.023

>n346040
0.04,0.059,0.078,0.03,0.079,0.106,0.046,0.071,0.073,0.09,0.106,0.048,0.015,0.047,0.088,0.024

>n346041
0.097,0.044,0.086,0.044,0.07,0.054,0.049,0.06,0.078,0.079,0.074,0.052,0.029,0.055,0.073,0.055

>n346051
0.098,0.044,0.071,0.08,0.063,0.046,0.009,0.067,0.066,0.046,0.063,0.055,0.066,0.05,0.087,0.088

>n346060
0.102,0.053,0.081,0.055,0.075,0.057,0.019,0.066,0.068,0.054,0.043,0.057,0.047,0.053,0.078,0.092

>n346066
0.058,0.049,0.071,0.048,0.063,0.081,0.028,0.09,0.062,0.077,0.083,0.043,0.043,0.054,0.083,0.067

>n346067
0.054,0.052,0.07,0.03,0.063,0.113,0.058,0.076,0.074,0.079,0.096,0.034,0.017,0.065,0.058,0.061

>n346071
0.105,0.053,0.074,0.077,0.074,0.046,0.013,0.065,0.078,0.039,0.052,0.051,0.052,0.059,0.081,0.083

>n346075
0.124,0.045,0.085,0.065,0.08,0.08,0.035,0.055,0.09,0.04,0.025,0.045,0.02,0.085,0.055,0.075

>n346078
0.057,0.081,0.073,0.036,0.061,0.069,0.073,0.057,0.097,0.073,0.101,0.049,0.032,0.036,0.073,0.032

>n346081
0.061,0.035,0.099,0.043,0.072,0.062,0.008,0.069,0.075,0.072,0.137,0.059,0.03,0.042,0.099,0.036

>n346082
0.091,0.056,0.074,0.073,0.081,0.053,0.015,0.069,0.065,0.048,0.045,0.054,0.057,0.06,0.077,0.082

>n346094
0.055,0.05,0.079,0.053,0.075,0.066,0.024,0.075,0.082,0.063,0.086,0.054,0.024,0.061,0.097,0.056

>n346101
0.066,0.038,0.066,0.033,0.033,0.073,0.084,0.068,0.078,0.094,0.114,0.053,0.028,0.053,0.076,0.043

>n346109
0.049,0.051,0.083,0.042,0.087,0.096,0.01,0.082,0.059,0.068,0.094,0.053,0.031,0.06,0.087,0.048

>n346110
0.048,0.072,0.084,0.048,0.1,0.095,0.02,0.089,0.061,0.071,0.05,0.039,0.043,0.069,0.065,0.045

>n346116
0.115,0.049,0.085,0.075,0.075,0.054,0.027,0.064,0.083,0.063,0.051,0.033,0.05,0.055,0.067,0.055

>n346126
0.108,0.039,0.11,0.061,0.07,0.052,0.023,0.055,0.101,0.062,0.062,0.045,0.042,0.045,0.074,0.05

>n346128
0.048,0.042,0.073,0.052,0.059,0.063,0.04,0.076,0.065,0.073,0.083,0.057,0.043,0.06,0.082,0.085

>n346137
0.082,0.04,0.094,0.05,0.06,0.062,0.028,0.075,0.082,0.061,0.087,0.047,0.041,0.061,0.069,0.06

>n346143
0.079,0.053,0.08,0.053,0.07,0.066,0.025,0.078,0.078,0.06,0.071,0.044,0.038,0.06,0.078,0.067

>n346167
0.093,0.05,0.076,0.066,0.069,0.068,0.022,0.06,0.074,0.047,0.068,0.054,0.049,0.054,0.076,0.074

>n346171
0.04,0.046,0.094,0.033,0.086,0.093,0.036,0.071,0.07,0.089,0.097,0.054,0.017,0.057,0.084,0.034

>n346177
0.058,0.055,0.097,0.037,0.092,0.076,0.016,0.071,0.06,0.058,0.055,0.066,0.037,0.066,0.071,0.087

>n346186
0.089,0.047,0.065,0.083,0.059,0.046,0.013,0.071,0.076,0.049,0.054,0.052,0.061,0.045,0.1,0.09

>n346188
0.037,0.053,0.063,0.039,0.089,0.079,0.026,0.095,0.053,0.055,0.092,0.061,0.013,0.1,0.079,0.066

>n346189
0.038,0.033,0.024,0.014,0.029,0.176,0.143,0.052,0.033,0.129,0.148,0.048,0.01,0.067,0.038,0.019

>n346196
0.045,0.025,0.095,0.085,0.05,0.03,0.015,0.065,0.095,0.035,0.065,0.09,0.065,0.065,0.109,0.07

>n346200
0.091,0.05,0.08,0.069,0.073,0.057,0.018,0.069,0.076,0.048,0.064,0.052,0.05,0.062,0.076,0.067

>n346205
0.05,0.064,0.076,0.039,0.089,0.075,0.037,0.077,0.07,0.085,0.08,0.055,0.02,0.053,0.098,0.032

>n346211
0.106,0.051,0.076,0.085,0.073,0.037,0.008,0.064,0.085,0.03,0.042,0.038,0.054,0.064,0.069,0.117

>n346227
0.06,0.037,0.066,0.053,0.055,0.077,0.013,0.073,0.066,0.046,0.064,0.051,0.035,0.057,0.084,0.165

>n346236
0.061,0.048,0.065,0.071,0.087,0.058,0.016,0.065,0.065,0.055,0.074,0.071,0.029,0.068,0.11,0.058

>n346238
0.091,0.05,0.108,0.048,0.091,0.056,0.028,0.076,0.093,0.061,0.056,0.041,0.022,0.084,0.058,0.037

>n346247
0.065,0.045,0.079,0.061,0.076,0.066,0.011,0.081,0.067,0.057,0.08,0.048,0.041,0.067,0.083,0.072

>n346260
0.132,0.044,0.106,0.053,0.057,0.026,0.022,0.048,0.101,0.026,0.066,0.07,0.048,0.057,0.07,0.07

>n346272
0.056,0.033,0.111,0.032,0.062,0.078,0.038,0.071,0.096,0.097,0.1,0.041,0.019,0.04,0.085,0.04

>n346282
0.061,0.032,0.137,0.023,0.057,0.06,0.036,0.071,0.12,0.091,0.096,0.045,0.016,0.043,0.082,0.03

>n346288
0.084,0.045,0.093,0.06,0.078,0.047,0.017,0.063,0.078,0.047,0.066,0.06,0.042,0.066,0.075,0.077

>n346296
0.099,0.053,0.075,0.069,0.074,0.052,0.009,0.072,0.062,0.044,0.05,0.052,0.061,0.057,0.074,0.098

>n346299
0.096,0.035,0.096,0.058,0.051,0.035,0.026,0.058,0.1,0.064,0.106,0.055,0.039,0.035,0.1,0.045

>n346311
0.052,0.053,0.078,0.024,0.066,0.085,0.039,0.083,0.067,0.084,0.11,0.054,0.023,0.052,0.087,0.044

>n346329
0.15,0.042,0.087,0.104,0.06,0.026,0.003,0.048,0.071,0.029,0.025,0.045,0.102,0.041,0.055,0.113

>n346332
0.067,0.042,0.058,0.068,0.073,0.074,0.029,0.083,0.051,0.046,0.055,0.06,0.043,0.097,0.072,0.081

>n346334
0.031,0.04,0.059,0.039,0.074,0.097,0.075,0.079,0.048,0.121,0.101,0.039,0.017,0.066,0.074,0.04

>n346337
0.133,0.053,0.106,0.061,0.072,0.057,0.004,0.057,0.091,0.049,0.049,0.042,0.057,0.034,0.068,0.068

>n346348
0.129,0.036,0.065,0.058,0.045,0.051,0.033,0.062,0.076,0.062,0.089,0.051,0.04,0.042,0.089,0.071

>n346349
0.069,0.059,0.083,0.051,0.094,0.083,0.018,0.069,0.068,0.064,0.075,0.048,0.032,0.057,0.079,0.05

>n346354
0.091,0.062,0.086,0.072,0.091,0.072,0.0,0.086,0.081,0.043,0.053,0.033,0.048,0.077,0.072,0.033

>n346356
0.038,0.045,0.083,0.026,0.07,0.12,0.06,0.069,0.068,0.098,0.117,0.042,0.016,0.055,0.065,0.029

>n346361
0.062,0.048,0.066,0.068,0.064,0.066,0.021,0.093,0.066,0.049,0.049,0.045,0.052,0.081,0.073,0.097

>n346370
0.071,0.06,0.071,0.053,0.078,0.081,0.018,0.08,0.07,0.06,0.058,0.047,0.036,0.057,0.088,0.073

>n346372
0.048,0.031,0.07,0.084,0.048,0.026,0.009,0.075,0.07,0.044,0.07,0.088,0.066,0.057,0.123,0.088

>n346373
0.08,0.059,0.068,0.055,0.071,0.071,0.017,0.074,0.055,0.05,0.059,0.064,0.057,0.053,0.084,0.085

>n346376
0.048,0.061,0.064,0.055,0.091,0.096,0.019,0.083,0.057,0.067,0.066,0.054,0.031,0.066,0.096,0.045

>n346383
0.033,0.051,0.107,0.025,0.078,0.123,0.065,0.054,0.1,0.094,0.1,0.031,0.004,0.049,0.056,0.029

>n346385
0.076,0.054,0.09,0.052,0.09,0.06,0.022,0.056,0.077,0.058,0.081,0.058,0.03,0.055,0.081,0.058

>n346392
0.042,0.049,0.071,0.043,0.08,0.091,0.022,0.087,0.054,0.071,0.075,0.052,0.03,0.069,0.084,0.079

>n346396
0.061,0.052,0.077,0.053,0.066,0.063,0.026,0.063,0.092,0.051,0.095,0.057,0.023,0.052,0.098,0.07

>n346397
0.09,0.063,0.063,0.051,0.075,0.068,0.024,0.087,0.053,0.056,0.036,0.046,0.046,0.07,0.068,0.102

>n346398
0.051,0.055,0.073,0.038,0.087,0.096,0.037,0.073,0.053,0.077,0.079,0.055,0.026,0.065,0.075,0.059

>n346404
0.07,0.04,0.075,0.064,0.063,0.054,0.008,0.087,0.067,0.055,0.07,0.056,0.048,0.064,0.095,0.084

>n346416
0.08,0.06,0.082,0.04,0.082,0.069,0.036,0.061,0.076,0.065,0.08,0.056,0.025,0.052,0.079,0.057

>n346422
0.087,0.044,0.068,0.085,0.056,0.044,0.017,0.064,0.058,0.041,0.051,0.055,0.084,0.051,0.07,0.125

>n346426
0.075,0.046,0.093,0.051,0.075,0.07,0.05,0.051,0.082,0.075,0.078,0.05,0.034,0.054,0.065,0.05

>n346428
0.12,0.045,0.079,0.063,0.071,0.051,0.023,0.075,0.074,0.054,0.06,0.039,0.041,0.071,0.065,0.067

>n346430
0.105,0.056,0.086,0.053,0.072,0.068,0.046,0.052,0.086,0.066,0.083,0.03,0.038,0.049,0.049,0.06

>n346448
0.072,0.039,0.095,0.073,0.077,0.046,0.004,0.075,0.08,0.047,0.07,0.053,0.05,0.07,0.081,0.07

>n346460
0.017,0.036,0.069,0.01,0.061,0.145,0.069,0.078,0.052,0.107,0.151,0.044,0.002,0.065,0.063,0.031

>n346461
0.037,0.045,0.075,0.075,0.077,0.052,0.022,0.067,0.06,0.06,0.07,0.062,0.055,0.065,0.085,0.095

>n346464
0.086,0.058,0.072,0.066,0.073,0.061,0.015,0.079,0.069,0.049,0.062,0.049,0.054,0.06,0.08,0.067

>n346465
0.073,0.055,0.066,0.055,0.075,0.08,0.022,0.081,0.055,0.053,0.058,0.055,0.047,0.07,0.074,0.081

>n346467
0.059,0.071,0.073,0.064,0.09,0.073,0.017,0.064,0.073,0.044,0.061,0.061,0.046,0.056,0.086,0.061

>n346472
0.089,0.057,0.077,0.053,0.073,0.077,0.012,0.077,0.085,0.049,0.057,0.049,0.028,0.061,0.093,0.061

>n346477
0.05,0.074,0.055,0.071,0.116,0.084,0.026,0.063,0.045,0.053,0.032,0.061,0.039,0.079,0.079,0.074

>n346481
0.113,0.049,0.074,0.071,0.07,0.049,0.01,0.066,0.067,0.032,0.046,0.058,0.057,0.065,0.075,0.099

>n346492
0.09,0.055,0.091,0.047,0.078,0.067,0.032,0.066,0.084,0.058,0.063,0.045,0.03,0.065,0.064,0.065

>n346494
0.133,0.058,0.081,0.073,0.079,0.034,0.027,0.054,0.09,0.049,0.066,0.036,0.043,0.051,0.069,0.057

>n346497
0.081,0.05,0.077,0.054,0.081,0.05,0.031,0.069,0.058,0.073,0.066,0.066,0.046,0.054,0.089,0.054

>n346510
0.123,0.037,0.081,0.075,0.063,0.031,0.009,0.061,0.086,0.043,0.046,0.058,0.043,0.055,0.095,0.092

>n346517
0.077,0.062,0.079,0.074,0.087,0.057,0.021,0.055,0.074,0.032,0.066,0.053,0.053,0.07,0.057,0.081

>n346520
0.033,0.037,0.086,0.023,0.082,0.086,0.045,0.078,0.053,0.094,0.127,0.059,0.012,0.072,0.076,0.037

>n346521
0.076,0.043,0.08,0.048,0.063,0.08,0.048,0.065,0.078,0.083,0.091,0.046,0.03,0.05,0.078,0.039

>n346523
0.113,0.05,0.115,0.04,0.053,0.078,0.058,0.05,0.12,0.055,0.063,0.04,0.033,0.053,0.045,0.035

>n346525
0.078,0.039,0.078,0.031,0.082,0.105,0.035,0.07,0.039,0.078,0.094,0.063,0.027,0.066,0.07,0.043

>n346528
0.095,0.052,0.099,0.076,0.087,0.047,0.006,0.059,0.091,0.033,0.046,0.053,0.05,0.067,0.072,0.066

>n346532
0.102,0.042,0.071,0.064,0.069,0.044,0.008,0.064,0.06,0.046,0.054,0.069,0.048,0.052,0.096,0.11

>n346533
0.094,0.052,0.101,0.04,0.103,0.084,0.044,0.071,0.073,0.088,0.073,0.023,0.019,0.078,0.036,0.023

>n346535
0.082,0.051,0.071,0.057,0.061,0.07,0.04,0.065,0.067,0.059,0.082,0.056,0.053,0.056,0.071,0.06

>n346537
0.097,0.063,0.079,0.052,0.075,0.051,0.02,0.077,0.075,0.059,0.052,0.048,0.045,0.05,0.083,0.076

>n346545
0.038,0.051,0.071,0.028,0.074,0.078,0.043,0.088,0.064,0.087,0.077,0.073,0.011,0.066,0.111,0.041

>n346551
0.077,0.052,0.074,0.05,0.075,0.075,0.013,0.087,0.068,0.051,0.072,0.048,0.035,0.072,0.079,0.074

>n346558
0.092,0.082,0.066,0.061,0.084,0.066,0.023,0.069,0.087,0.033,0.059,0.046,0.041,0.059,0.077,0.056

>n363297
0.1,0.052,0.088,0.055,0.067,0.069,0.018,0.065,0.087,0.047,0.059,0.044,0.04,0.052,0.073,0.083

>n363309
0.088,0.047,0.07,0.074,0.073,0.041,0.008,0.071,0.055,0.041,0.056,0.059,0.063,0.064,0.078,0.112

>n363314
0.085,0.05,0.049,0.084,0.06,0.053,0.009,0.082,0.042,0.039,0.045,0.053,0.081,0.063,0.075,0.13

>n363315
0.05,0.05,0.093,0.03,0.086,0.105,0.027,0.073,0.07,0.084,0.104,0.048,0.016,0.053,0.082,0.031

>n363337
0.037,0.062,0.115,0.014,0.106,0.14,0.032,0.064,0.076,0.085,0.113,0.032,0.011,0.053,0.046,0.014

>n363347
0.106,0.05,0.063,0.076,0.065,0.047,0.017,0.064,0.057,0.047,0.052,0.053,0.068,0.05,0.076,0.11

>n363351
0.064,0.047,0.074,0.061,0.076,0.078,0.012,0.085,0.057,0.058,0.063,0.04,0.049,0.069,0.068,0.097

>n363356
0.103,0.047,0.068,0.086,0.07,0.044,0.008,0.07,0.058,0.032,0.035,0.055,0.073,0.068,0.069,0.113

>n363381
0.07,0.059,0.057,0.062,0.055,0.066,0.04,0.068,0.079,0.04,0.095,0.046,0.044,0.066,0.066,0.088

>n363468
0.086,0.041,0.08,0.041,0.059,0.05,0.032,0.08,0.068,0.05,0.091,0.068,0.035,0.077,0.077,0.065

>n363484
0.094,0.048,0.065,0.076,0.065,0.053,0.007,0.066,0.057,0.04,0.063,0.055,0.067,0.05,0.08,0.112

>n363491
0.117,0.063,0.059,0.08,0.076,0.05,0.004,0.061,0.049,0.04,0.047,0.048,0.076,0.038,0.075,0.116

>n363537
0.095,0.068,0.076,0.069,0.077,0.031,0.009,0.069,0.083,0.035,0.036,0.055,0.052,0.055,0.087,0.103

>n363561
0.058,0.05,0.069,0.066,0.08,0.068,0.008,0.077,0.055,0.05,0.054,0.057,0.05,0.065,0.085,0.106

>n363566
0.035,0.059,0.089,0.024,0.097,0.103,0.035,0.06,0.052,0.081,0.102,0.07,0.022,0.052,0.079,0.038

>n363616
0.044,0.058,0.088,0.058,0.077,0.066,0.036,0.066,0.083,0.069,0.072,0.052,0.044,0.052,0.077,0.055

>n363631
0.065,0.032,0.117,0.032,0.029,0.071,0.104,0.023,0.126,0.094,0.184,0.029,0.023,0.029,0.032,0.01

>n363651
0.077,0.05,0.08,0.052,0.082,0.052,0.019,0.075,0.051,0.06,0.075,0.06,0.048,0.066,0.072,0.083

>n363658
0.118,0.061,0.081,0.086,0.074,0.037,0.006,0.058,0.083,0.03,0.048,0.046,0.071,0.046,0.072,0.083

>n363690
0.086,0.051,0.078,0.055,0.074,0.072,0.013,0.079,0.062,0.056,0.067,0.047,0.049,0.059,0.074,0.076

>n363765
0.108,0.073,0.069,0.065,0.091,0.063,0.026,0.067,0.073,0.056,0.039,0.047,0.043,0.054,0.08,0.047

>n363811
0.056,0.059,0.08,0.038,0.083,0.098,0.016,0.076,0.066,0.065,0.088,0.056,0.028,0.05,0.092,0.051

>n363847
0.119,0.049,0.075,0.072,0.069,0.06,0.019,0.06,0.064,0.053,0.058,0.045,0.063,0.046,0.067,0.081

>n363878
0.11,0.039,0.081,0.09,0.065,0.039,0.01,0.058,0.087,0.052,0.042,0.032,0.058,0.039,0.081,0.119

>n363902
0.074,0.05,0.07,0.062,0.069,0.059,0.022,0.079,0.064,0.048,0.043,0.055,0.05,0.07,0.075,0.11

>n363904
0.069,0.05,0.067,0.049,0.067,0.106,0.04,0.078,0.063,0.069,0.067,0.036,0.035,0.067,0.061,0.076

>n363933
0.077,0.054,0.067,0.07,0.058,0.056,0.003,0.078,0.06,0.03,0.035,0.057,0.073,0.056,0.078,0.147

>n363945
0.097,0.093,0.071,0.067,0.101,0.093,0.007,0.086,0.082,0.049,0.034,0.022,0.045,0.052,0.078,0.022

>n363948
0.03,0.051,0.069,0.036,0.069,0.09,0.051,0.075,0.069,0.072,0.119,0.057,0.018,0.072,0.078,0.048

>n364039
0.128,0.037,0.08,0.078,0.082,0.045,0.004,0.054,0.047,0.037,0.041,0.066,0.068,0.064,0.066,0.101

>n364085
0.069,0.049,0.078,0.054,0.069,0.067,0.013,0.076,0.075,0.053,0.08,0.054,0.038,0.056,0.09,0.079

>n364088
0.09,0.041,0.058,0.057,0.052,0.062,0.041,0.069,0.062,0.05,0.057,0.056,0.041,0.072,0.069,0.123

>n364139
0.083,0.047,0.063,0.084,0.069,0.045,0.018,0.059,0.053,0.042,0.048,0.065,0.073,0.056,0.079,0.116

>n364158
0.093,0.055,0.065,0.071,0.057,0.063,0.023,0.081,0.061,0.05,0.057,0.049,0.072,0.055,0.073,0.077

>n364168
0.057,0.051,0.069,0.035,0.068,0.086,0.055,0.07,0.052,0.087,0.109,0.055,0.035,0.055,0.07,0.046

>n364180
0.107,0.053,0.082,0.072,0.072,0.051,0.015,0.059,0.07,0.044,0.061,0.052,0.066,0.05,0.067,0.078

>n364181
0.085,0.049,0.074,0.069,0.062,0.047,0.027,0.064,0.066,0.061,0.065,0.062,0.064,0.043,0.087,0.074

>n364206
0.105,0.077,0.069,0.069,0.091,0.075,0.008,0.094,0.066,0.044,0.033,0.028,0.055,0.075,0.061,0.05

>n364244
0.114,0.053,0.085,0.073,0.085,0.037,0.005,0.07,0.072,0.042,0.042,0.046,0.054,0.066,0.07,0.089

>n364269
0.072,0.044,0.069,0.053,0.055,0.071,0.026,0.087,0.06,0.056,0.056,0.052,0.051,0.068,0.073,0.107

>n364336
0.067,0.07,0.07,0.074,0.077,0.063,0.007,0.081,0.085,0.032,0.06,0.039,0.053,0.063,0.081,0.077

>n364340
0.103,0.069,0.078,0.047,0.085,0.085,0.05,0.06,0.088,0.063,0.075,0.041,0.022,0.06,0.063,0.013

>n364378
0.045,0.03,0.074,0.04,0.046,0.041,0.049,0.067,0.06,0.074,0.092,0.078,0.037,0.06,0.087,0.12

>n364410
0.059,0.058,0.085,0.042,0.085,0.081,0.018,0.087,0.063,0.068,0.074,0.048,0.036,0.063,0.076,0.058

>n364507
0.101,0.048,0.063,0.065,0.072,0.067,0.014,0.079,0.058,0.049,0.051,0.05,0.047,0.067,0.08,0.092

>n364511
0.079,0.049,0.081,0.056,0.065,0.069,0.033,0.068,0.082,0.07,0.07,0.046,0.04,0.047,0.083,0.064

>n364518
0.091,0.054,0.087,0.053,0.079,0.085,0.042,0.043,0.079,0.073,0.087,0.042,0.037,0.036,0.065,0.049

>n364533
0.039,0.045,0.063,0.059,0.057,0.084,0.043,0.094,0.057,0.07,0.063,0.049,0.053,0.08,0.067,0.076

>n364544
0.085,0.039,0.073,0.069,0.057,0.062,0.034,0.057,0.074,0.055,0.057,0.066,0.05,0.055,0.086,0.083

>n364545
0.084,0.038,0.075,0.066,0.055,0.06,0.031,0.058,0.073,0.052,0.062,0.064,0.051,0.055,0.082,0.093

>n364548
0.1,0.041,0.058,0.085,0.059,0.049,0.009,0.071,0.053,0.033,0.049,0.054,0.071,0.066,0.073,0.129

>n364558
0.077,0.053,0.086,0.046,0.08,0.058,0.013,0.072,0.081,0.068,0.092,0.045,0.025,0.044,0.095,0.064

>n364570
0.091,0.05,0.079,0.064,0.077,0.052,0.018,0.068,0.072,0.057,0.069,0.047,0.044,0.056,0.08,0.077

>n364596
0.061,0.04,0.07,0.068,0.065,0.062,0.012,0.089,0.064,0.05,0.056,0.058,0.05,0.077,0.089,0.087

>n364685
0.036,0.054,0.09,0.021,0.067,0.126,0.028,0.09,0.087,0.072,0.103,0.041,0.013,0.057,0.082,0.033

>n364686
0.111,0.058,0.077,0.073,0.071,0.038,0.008,0.07,0.063,0.047,0.057,0.046,0.074,0.044,0.071,0.092

>n364729
0.074,0.045,0.085,0.031,0.063,0.083,0.054,0.052,0.07,0.074,0.092,0.061,0.027,0.052,0.065,0.074

>n364734
0.065,0.043,0.061,0.081,0.061,0.061,0.005,0.09,0.068,0.038,0.034,0.056,0.056,0.074,0.097,0.111

>n364760
0.127,0.046,0.067,0.091,0.065,0.033,0.014,0.067,0.064,0.05,0.021,0.042,0.074,0.05,0.076,0.112

>n364842
0.063,0.043,0.076,0.04,0.056,0.105,0.047,0.075,0.072,0.078,0.083,0.05,0.03,0.058,0.076,0.047

>n364975
0.094,0.043,0.076,0.087,0.068,0.044,0.005,0.057,0.055,0.042,0.041,0.062,0.084,0.044,0.079,0.118

>n365285
0.105,0.045,0.056,0.083,0.06,0.067,0.028,0.07,0.051,0.055,0.04,0.044,0.072,0.058,0.066,0.099

>n365315
0.066,0.039,0.072,0.062,0.064,0.062,0.021,0.078,0.059,0.061,0.052,0.057,0.049,0.063,0.085,0.11

>n365323
0.136,0.058,0.066,0.069,0.061,0.046,0.029,0.058,0.072,0.043,0.038,0.04,0.058,0.046,0.064,0.116

>n365366
0.066,0.043,0.076,0.062,0.074,0.078,0.016,0.085,0.058,0.05,0.041,0.041,0.048,0.081,0.056,0.126

>n365413
0.082,0.039,0.082,0.043,0.063,0.086,0.016,0.09,0.063,0.063,0.035,0.059,0.039,0.07,0.082,0.09

>n365451
0.093,0.047,0.064,0.063,0.073,0.066,0.012,0.079,0.052,0.049,0.05,0.052,0.05,0.068,0.076,0.106

>n365469
0.141,0.038,0.071,0.093,0.047,0.031,0.005,0.066,0.085,0.037,0.056,0.052,0.071,0.042,0.098,0.068

>n365489
0.071,0.069,0.068,0.058,0.075,0.072,0.019,0.08,0.07,0.046,0.052,0.049,0.05,0.058,0.078,0.086

>n365492
0.108,0.075,0.082,0.058,0.075,0.034,0.014,0.077,0.099,0.034,0.036,0.046,0.041,0.055,0.082,0.087

>n365543
0.104,0.044,0.098,0.062,0.085,0.042,0.011,0.061,0.077,0.073,0.075,0.041,0.043,0.039,0.081,0.064

>n365550
0.085,0.065,0.061,0.044,0.085,0.105,0.041,0.061,0.061,0.054,0.065,0.037,0.024,0.068,0.051,0.092

>n365664
0.123,0.047,0.06,0.087,0.064,0.044,0.008,0.061,0.051,0.036,0.039,0.053,0.079,0.048,0.073,0.128

>n365737
0.109,0.033,0.086,0.058,0.067,0.047,0.006,0.061,0.061,0.036,0.064,0.064,0.05,0.064,0.07,0.123

>n365837
0.054,0.038,0.06,0.07,0.057,0.041,0.013,0.079,0.076,0.047,0.041,0.089,0.035,0.06,0.142,0.098

>n365866
0.1,0.053,0.081,0.081,0.069,0.038,0.004,0.058,0.087,0.032,0.06,0.049,0.059,0.046,0.082,0.1

>n365880
0.092,0.055,0.092,0.052,0.072,0.055,0.019,0.073,0.082,0.051,0.066,0.046,0.044,0.059,0.069,0.075

>n365884
0.05,0.055,0.085,0.047,0.091,0.084,0.018,0.077,0.06,0.07,0.072,0.048,0.035,0.062,0.075,0.072

>n365920
0.058,0.058,0.045,0.086,0.066,0.061,0.025,0.08,0.057,0.046,0.036,0.055,0.066,0.068,0.087,0.108

>n365972
0.083,0.039,0.064,0.057,0.063,0.077,0.037,0.074,0.05,0.088,0.081,0.046,0.048,0.046,0.083,0.066

>n366279
0.108,0.052,0.069,0.082,0.074,0.054,0.008,0.068,0.062,0.036,0.044,0.045,0.067,0.061,0.066,0.101

>n366290
0.085,0.046,0.076,0.056,0.063,0.063,0.026,0.068,0.067,0.06,0.072,0.054,0.047,0.051,0.08,0.086

>n366331
0.117,0.057,0.065,0.096,0.081,0.045,0.003,0.058,0.052,0.03,0.039,0.053,0.086,0.055,0.066,0.098

>n366357
0.112,0.038,0.071,0.099,0.053,0.03,0.0,0.061,0.069,0.033,0.043,0.043,0.084,0.043,0.076,0.145

>n366395
0.081,0.039,0.084,0.054,0.079,0.075,0.006,0.08,0.067,0.066,0.068,0.045,0.032,0.059,0.088,0.076

>n366396
0.021,0.033,0.103,0.049,0.017,0.044,0.002,0.081,0.135,0.029,0.132,0.088,0.033,0.039,0.147,0.047

>n366554
0.083,0.057,0.075,0.064,0.079,0.061,0.012,0.066,0.066,0.05,0.068,0.054,0.052,0.051,0.081,0.081

>n366704
0.14,0.085,0.065,0.068,0.082,0.077,0.021,0.065,0.041,0.037,0.033,0.044,0.094,0.045,0.037,0.065

>n366714
0.138,0.06,0.062,0.086,0.071,0.035,0.016,0.056,0.056,0.047,0.061,0.039,0.081,0.035,0.065,0.091

>n366756
0.054,0.053,0.073,0.046,0.082,0.067,0.017,0.088,0.058,0.075,0.078,0.05,0.033,0.059,0.093,0.075

>n366788
0.061,0.039,0.071,0.068,0.068,0.067,0.012,0.094,0.066,0.05,0.057,0.047,0.044,0.084,0.079,0.094

>n366913
0.102,0.046,0.053,0.096,0.073,0.023,0.0,0.056,0.036,0.026,0.043,0.053,0.083,0.056,0.063,0.191

>n367049
0.081,0.049,0.074,0.063,0.069,0.053,0.014,0.072,0.067,0.055,0.074,0.051,0.049,0.051,0.086,0.09

>n367096
0.034,0.041,0.073,0.038,0.064,0.084,0.043,0.079,0.066,0.078,0.097,0.066,0.023,0.066,0.093,0.056

>n367124
0.121,0.048,0.108,0.057,0.084,0.04,0.005,0.063,0.092,0.063,0.055,0.053,0.036,0.04,0.097,0.037

>n367142
0.076,0.054,0.081,0.057,0.074,0.078,0.006,0.078,0.065,0.047,0.043,0.051,0.053,0.054,0.079,0.103

>n367143
0.07,0.024,0.067,0.064,0.052,0.043,0.018,0.076,0.067,0.064,0.088,0.07,0.036,0.058,0.116,0.088

>n367152
0.106,0.046,0.046,0.093,0.05,0.028,0.007,0.081,0.033,0.041,0.043,0.063,0.103,0.05,0.084,0.126

>n367182
0.132,0.041,0.088,0.099,0.058,0.025,0.009,0.053,0.107,0.027,0.03,0.047,0.064,0.053,0.083,0.085

>n367218
0.055,0.052,0.086,0.076,0.086,0.041,0.007,0.066,0.097,0.066,0.083,0.045,0.034,0.038,0.114,0.055

>n367363
0.106,0.052,0.074,0.075,0.093,0.054,0.003,0.064,0.055,0.051,0.034,0.047,0.053,0.058,0.075,0.105

>n367375
0.093,0.04,0.046,0.105,0.057,0.033,0.005,0.068,0.047,0.026,0.023,0.051,0.087,0.064,0.073,0.183

>n367417
0.111,0.046,0.077,0.092,0.067,0.034,0.006,0.061,0.064,0.037,0.044,0.05,0.084,0.052,0.068,0.106

>n367422
0.091,0.044,0.054,0.066,0.057,0.05,0.045,0.062,0.055,0.061,0.064,0.054,0.052,0.058,0.072,0.116

>n367426
0.079,0.055,0.073,0.061,0.076,0.055,0.022,0.071,0.059,0.052,0.058,0.062,0.053,0.063,0.078,0.083

>n367519
0.084,0.054,0.078,0.063,0.079,0.05,0.01,0.071,0.057,0.046,0.057,0.053,0.059,0.059,0.069,0.112

>n367640
0.088,0.05,0.077,0.049,0.061,0.07,0.051,0.068,0.083,0.071,0.075,0.046,0.032,0.059,0.071,0.05

>n367646
0.099,0.042,0.063,0.084,0.059,0.043,0.01,0.068,0.053,0.042,0.044,0.064,0.077,0.053,0.086,0.113

>n367650
0.095,0.054,0.046,0.066,0.066,0.062,0.016,0.072,0.054,0.052,0.052,0.058,0.046,0.048,0.103,0.107

>n367651
0.075,0.047,0.054,0.075,0.059,0.066,0.02,0.081,0.057,0.059,0.063,0.054,0.06,0.054,0.095,0.084

>n367661
0.089,0.052,0.08,0.063,0.077,0.057,0.008,0.078,0.065,0.05,0.072,0.052,0.052,0.061,0.079,0.065

>n367662
0.069,0.05,0.088,0.046,0.082,0.089,0.015,0.073,0.069,0.061,0.088,0.047,0.032,0.06,0.073,0.059

>n367663
0.066,0.048,0.092,0.044,0.078,0.079,0.014,0.079,0.069,0.067,0.096,0.047,0.036,0.056,0.078,0.05

>n367676
0.079,0.06,0.07,0.067,0.082,0.053,0.012,0.073,0.06,0.051,0.052,0.055,0.055,0.058,0.083,0.091

>n367774
0.086,0.049,0.084,0.059,0.057,0.035,0.024,0.066,0.085,0.047,0.073,0.069,0.051,0.05,0.093,0.07

>n367775
0.061,0.04,0.077,0.097,0.055,0.047,0.022,0.062,0.073,0.04,0.062,0.057,0.086,0.058,0.071,0.092

>n367848
0.063,0.039,0.059,0.067,0.063,0.073,0.028,0.079,0.055,0.059,0.073,0.047,0.047,0.071,0.073,0.104

>n367885
0.073,0.054,0.063,0.05,0.075,0.088,0.039,0.076,0.063,0.065,0.069,0.043,0.03,0.071,0.069,0.071

>n367887
0.111,0.054,0.065,0.071,0.063,0.049,0.039,0.056,0.066,0.057,0.068,0.054,0.061,0.046,0.073,0.067

>n367989
0.06,0.009,0.094,0.056,0.006,0.0,0.013,0.003,0.113,0.009,0.107,0.213,0.041,0.003,0.229,0.044

>n368044
0.119,0.045,0.068,0.091,0.062,0.043,0.005,0.062,0.065,0.033,0.046,0.048,0.077,0.051,0.073,0.113

>n368098
0.079,0.048,0.082,0.064,0.075,0.063,0.006,0.077,0.068,0.055,0.071,0.045,0.052,0.055,0.08,0.079

>n368106
0.088,0.055,0.07,0.082,0.072,0.048,0.007,0.067,0.061,0.039,0.039,0.059,0.074,0.052,0.082,0.104

>n368164
0.093,0.045,0.071,0.074,0.07,0.06,0.013,0.071,0.056,0.052,0.057,0.051,0.065,0.057,0.074,0.091

>n368267
0.098,0.045,0.078,0.061,0.067,0.062,0.027,0.068,0.073,0.06,0.07,0.047,0.044,0.058,0.075,0.066

>n368394
0.059,0.014,0.092,0.047,0.006,0.0,0.018,0.006,0.111,0.014,0.104,0.214,0.036,0.002,0.229,0.048

>n368395
0.058,0.013,0.094,0.047,0.008,0.0,0.014,0.006,0.109,0.012,0.105,0.217,0.037,0.005,0.229,0.045

>n368396
0.056,0.011,0.096,0.047,0.008,0.0,0.015,0.004,0.111,0.012,0.107,0.218,0.035,0.004,0.229,0.047

>n368397
0.055,0.01,0.092,0.047,0.007,0.001,0.013,0.005,0.105,0.009,0.104,0.224,0.038,0.006,0.234,0.048

>n368398
0.063,0.006,0.098,0.053,0.004,0.0,0.013,0.0,0.108,0.004,0.099,0.227,0.045,0.007,0.228,0.045

>n368443
0.088,0.056,0.074,0.055,0.078,0.065,0.016,0.082,0.07,0.051,0.063,0.047,0.035,0.07,0.077,0.074

>n368447
0.115,0.064,0.105,0.062,0.079,0.047,0.015,0.058,0.098,0.041,0.047,0.043,0.053,0.047,0.062,0.064

>n368511
0.041,0.051,0.085,0.025,0.071,0.092,0.033,0.084,0.066,0.074,0.09,0.057,0.024,0.063,0.079,0.067

>n368608
0.053,0.042,0.08,0.038,0.066,0.116,0.027,0.092,0.061,0.064,0.067,0.043,0.031,0.08,0.061,0.078

>n368610
0.104,0.049,0.074,0.072,0.069,0.062,0.019,0.062,0.072,0.045,0.059,0.051,0.053,0.056,0.076,0.08

>n368624
0.058,0.042,0.045,0.054,0.049,0.056,0.064,0.066,0.053,0.074,0.123,0.071,0.039,0.064,0.088,0.056

>n368627
0.085,0.045,0.088,0.052,0.066,0.063,0.012,0.081,0.085,0.059,0.074,0.049,0.035,0.056,0.092,0.059

>n368628
0.073,0.047,0.077,0.06,0.076,0.062,0.011,0.079,0.064,0.054,0.066,0.056,0.044,0.065,0.086,0.082

>n368637
0.081,0.053,0.063,0.055,0.06,0.08,0.03,0.082,0.06,0.044,0.052,0.057,0.051,0.075,0.068,0.091

>n368727
0.057,0.042,0.084,0.041,0.07,0.119,0.023,0.086,0.062,0.06,0.062,0.044,0.035,0.076,0.06,0.078

>n368759
0.081,0.034,0.076,0.061,0.059,0.074,0.009,0.085,0.068,0.05,0.045,0.059,0.041,0.068,0.094,0.095

>n368764
0.132,0.045,0.069,0.108,0.07,0.04,0.003,0.05,0.06,0.04,0.052,0.052,0.091,0.04,0.077,0.072

>n368786
0.102,0.061,0.071,0.066,0.066,0.033,0.017,0.066,0.076,0.035,0.061,0.061,0.057,0.052,0.085,0.09

>n369093
0.094,0.042,0.083,0.076,0.066,0.039,0.005,0.069,0.062,0.039,0.053,0.057,0.071,0.059,0.073,0.112

>n369186
0.079,0.047,0.063,0.07,0.063,0.049,0.033,0.061,0.049,0.059,0.057,0.057,0.067,0.05,0.071,0.126

>n369240
0.114,0.05,0.07,0.102,0.068,0.03,0.005,0.058,0.066,0.034,0.036,0.049,0.088,0.047,0.074,0.11

>n369243
0.203,0.031,0.145,0.044,0.075,0.026,0.004,0.04,0.128,0.035,0.062,0.044,0.022,0.048,0.057,0.035

>n369376
0.052,0.042,0.081,0.038,0.067,0.114,0.027,0.092,0.062,0.064,0.067,0.042,0.033,0.078,0.061,0.078

>n369419
0.055,0.036,0.068,0.027,0.06,0.081,0.064,0.072,0.049,0.088,0.104,0.046,0.024,0.071,0.051,0.103

>n369453
0.074,0.044,0.077,0.055,0.073,0.085,0.007,0.074,0.055,0.041,0.063,0.062,0.049,0.068,0.074,0.099

>n369469
0.102,0.044,0.073,0.08,0.068,0.036,0.005,0.068,0.055,0.033,0.049,0.065,0.074,0.064,0.075,0.107

>n369487
0.086,0.053,0.074,0.084,0.089,0.053,0.016,0.059,0.08,0.055,0.054,0.047,0.042,0.057,0.092,0.058

>n369504
0.053,0.051,0.066,0.054,0.073,0.08,0.025,0.088,0.067,0.056,0.066,0.056,0.03,0.08,0.089,0.069

>n369505
0.071,0.052,0.074,0.038,0.071,0.085,0.028,0.092,0.064,0.076,0.082,0.035,0.03,0.061,0.074,0.067

>n369512
0.075,0.047,0.067,0.065,0.051,0.056,0.037,0.064,0.07,0.056,0.067,0.063,0.058,0.048,0.085,0.093

>n369663
0.093,0.029,0.064,0.093,0.059,0.044,0.017,0.051,0.086,0.042,0.046,0.051,0.042,0.056,0.095,0.132

>n369699
0.085,0.069,0.059,0.059,0.077,0.077,0.026,0.087,0.065,0.047,0.047,0.049,0.043,0.075,0.075,0.063

>n369735
0.065,0.046,0.071,0.045,0.067,0.071,0.024,0.077,0.059,0.062,0.085,0.066,0.036,0.061,0.092,0.073

>n369769
0.054,0.059,0.076,0.064,0.082,0.058,0.007,0.079,0.065,0.055,0.068,0.051,0.051,0.055,0.088,0.088

>n369808
0.072,0.042,0.076,0.036,0.058,0.075,0.054,0.066,0.069,0.083,0.11,0.053,0.027,0.053,0.075,0.052

>n369876
0.039,0.052,0.069,0.028,0.054,0.097,0.087,0.061,0.078,0.102,0.126,0.039,0.015,0.05,0.063,0.041

>n369879
0.101,0.053,0.055,0.067,0.063,0.063,0.038,0.059,0.057,0.055,0.07,0.053,0.055,0.052,0.072,0.086

>n369881
0.102,0.051,0.057,0.065,0.061,0.063,0.038,0.06,0.057,0.055,0.067,0.056,0.056,0.053,0.072,0.086

>n369925
0.098,0.058,0.075,0.067,0.078,0.041,0.019,0.058,0.076,0.042,0.051,0.049,0.044,0.056,0.074,0.112

>n369955
0.143,0.06,0.089,0.073,0.095,0.035,0.003,0.057,0.083,0.057,0.054,0.041,0.041,0.041,0.089,0.038

>n369984
0.07,0.035,0.066,0.047,0.052,0.098,0.03,0.066,0.073,0.078,0.099,0.054,0.024,0.035,0.108,0.064

>n369995
0.097,0.057,0.066,0.087,0.075,0.05,0.005,0.08,0.066,0.028,0.049,0.036,0.069,0.073,0.059,0.102

>n369997
0.091,0.054,0.068,0.077,0.073,0.04,0.006,0.071,0.068,0.034,0.062,0.053,0.058,0.062,0.082,0.101

>n370008
0.098,0.053,0.068,0.082,0.073,0.029,0.007,0.07,0.061,0.03,0.05,0.056,0.07,0.066,0.073,0.114

>n370013
0.086,0.041,0.099,0.041,0.064,0.058,0.044,0.048,0.093,0.07,0.093,0.057,0.025,0.044,0.078,0.057

>n370058
0.106,0.038,0.078,0.05,0.057,0.073,0.052,0.057,0.069,0.08,0.064,0.038,0.043,0.045,0.057,0.095

>n370070
0.074,0.07,0.082,0.07,0.082,0.049,0.012,0.086,0.102,0.061,0.066,0.025,0.037,0.045,0.098,0.041

>n370090
0.058,0.046,0.088,0.058,0.074,0.063,0.01,0.077,0.069,0.055,0.077,0.054,0.049,0.06,0.079,0.085

>n370117
0.058,0.047,0.079,0.036,0.065,0.084,0.041,0.071,0.065,0.073,0.089,0.066,0.031,0.058,0.084,0.052

>n370126
0.028,0.02,0.064,0.024,0.036,0.072,0.08,0.06,0.072,0.104,0.124,0.08,0.0,0.048,0.116,0.076

