>n370152
0.04,0.047,0.055,0.05,0.068,0.072,0.033,0.086,0.052,0.059,0.064,0.054,0.033,0.081,0.077,0.128

>n370153
0.066,0.046,0.079,0.036,0.061,0.094,0.055,0.078,0.066,0.083,0.07,0.041,0.034,0.066,0.055,0.069

>n370180
0.063,0.051,0.062,0.062,0.066,0.083,0.029,0.074,0.062,0.056,0.072,0.042,0.046,0.062,0.069,0.101

>n370204
0.057,0.044,0.064,0.05,0.066,0.086,0.014,0.093,0.052,0.054,0.07,0.059,0.039,0.075,0.088,0.087

>n370205
0.07,0.046,0.074,0.057,0.068,0.061,0.009,0.093,0.063,0.052,0.072,0.056,0.045,0.071,0.088,0.076

>n370290
0.05,0.049,0.076,0.05,0.077,0.085,0.022,0.087,0.067,0.068,0.068,0.053,0.03,0.069,0.09,0.061

>n370423
0.057,0.057,0.065,0.064,0.068,0.088,0.033,0.073,0.064,0.048,0.076,0.044,0.054,0.068,0.059,0.081

>n370452
0.082,0.047,0.09,0.051,0.067,0.06,0.012,0.073,0.081,0.049,0.091,0.049,0.041,0.055,0.076,0.076

>n370540
0.073,0.043,0.073,0.062,0.062,0.065,0.018,0.074,0.064,0.051,0.072,0.053,0.052,0.059,0.077,0.104

>n370542
0.119,0.057,0.059,0.075,0.073,0.059,0.003,0.081,0.065,0.032,0.027,0.03,0.054,0.067,0.065,0.135

>n370571
0.094,0.05,0.07,0.075,0.073,0.058,0.004,0.066,0.066,0.042,0.053,0.048,0.056,0.051,0.081,0.112

>n370574
0.086,0.046,0.065,0.081,0.069,0.043,0.007,0.071,0.061,0.041,0.049,0.05,0.063,0.06,0.08,0.127

>n370585
0.057,0.056,0.055,0.049,0.073,0.087,0.034,0.095,0.053,0.064,0.06,0.052,0.035,0.081,0.08,0.07

>n370618
0.067,0.05,0.07,0.054,0.073,0.077,0.02,0.083,0.056,0.057,0.059,0.058,0.045,0.069,0.081,0.082

>n370698
0.094,0.048,0.064,0.075,0.07,0.028,0.008,0.066,0.063,0.047,0.045,0.054,0.055,0.049,0.092,0.141

>n370709
0.074,0.046,0.079,0.048,0.048,0.053,0.038,0.076,0.07,0.06,0.086,0.053,0.055,0.055,0.067,0.091

>n370725
0.122,0.055,0.067,0.09,0.068,0.039,0.006,0.06,0.066,0.029,0.044,0.052,0.078,0.051,0.074,0.096

>n370849
0.089,0.058,0.059,0.084,0.065,0.058,0.008,0.09,0.071,0.035,0.025,0.047,0.066,0.07,0.085,0.091

>n370880
0.038,0.051,0.069,0.038,0.081,0.111,0.022,0.093,0.055,0.068,0.076,0.047,0.023,0.077,0.079,0.073

>n370923
0.032,0.017,0.086,0.032,0.046,0.055,0.017,0.057,0.037,0.083,0.083,0.155,0.052,0.023,0.17,0.055

>n370930
0.092,0.047,0.075,0.084,0.059,0.035,0.01,0.063,0.068,0.038,0.045,0.066,0.08,0.047,0.087,0.102

>n370995
0.086,0.047,0.077,0.071,0.052,0.045,0.025,0.059,0.072,0.047,0.071,0.059,0.071,0.041,0.078,0.099

>n371141
0.099,0.047,0.068,0.086,0.06,0.038,0.005,0.071,0.061,0.031,0.054,0.057,0.081,0.058,0.075,0.109

>n371176
0.031,0.045,0.08,0.025,0.071,0.116,0.042,0.078,0.065,0.088,0.12,0.047,0.014,0.058,0.079,0.04

>n371206
0.07,0.05,0.079,0.04,0.06,0.068,0.044,0.065,0.082,0.071,0.097,0.052,0.027,0.046,0.082,0.066

>n371225
0.052,0.032,0.055,0.044,0.05,0.044,0.02,0.085,0.041,0.047,0.096,0.076,0.041,0.076,0.087,0.155

>n371241
0.111,0.055,0.072,0.073,0.071,0.046,0.011,0.066,0.063,0.041,0.055,0.053,0.067,0.052,0.073,0.091

>n371273
0.097,0.05,0.076,0.061,0.079,0.046,0.01,0.067,0.062,0.052,0.053,0.057,0.047,0.054,0.085,0.105

>n371301
0.064,0.042,0.074,0.068,0.071,0.068,0.016,0.073,0.057,0.058,0.052,0.06,0.056,0.059,0.085,0.096

>n371342
0.057,0.048,0.047,0.081,0.054,0.098,0.029,0.087,0.054,0.048,0.039,0.042,0.068,0.074,0.069,0.104

>n371453
0.092,0.038,0.075,0.063,0.059,0.069,0.032,0.061,0.062,0.063,0.099,0.041,0.055,0.05,0.059,0.08

>n371524
0.112,0.054,0.057,0.088,0.069,0.042,0.006,0.072,0.048,0.035,0.035,0.053,0.082,0.057,0.073,0.119

>n371552
0.095,0.05,0.07,0.087,0.065,0.037,0.006,0.073,0.064,0.04,0.051,0.05,0.078,0.055,0.078,0.101

>n371587
0.072,0.052,0.078,0.067,0.077,0.086,0.012,0.078,0.084,0.044,0.055,0.052,0.035,0.07,0.091,0.047

>n371665
0.115,0.052,0.069,0.07,0.059,0.059,0.023,0.063,0.069,0.04,0.059,0.048,0.062,0.054,0.064,0.093

>n371667
0.031,0.053,0.079,0.024,0.093,0.146,0.033,0.102,0.045,0.096,0.069,0.032,0.018,0.079,0.061,0.041

>n371670
0.066,0.062,0.078,0.047,0.095,0.097,0.02,0.075,0.065,0.073,0.066,0.04,0.024,0.056,0.081,0.055

>n371672
0.063,0.06,0.069,0.047,0.076,0.108,0.03,0.08,0.066,0.062,0.054,0.046,0.033,0.066,0.074,0.067

>n371673
0.073,0.053,0.082,0.05,0.081,0.076,0.011,0.09,0.068,0.057,0.062,0.045,0.036,0.071,0.077,0.069

>n371680
0.135,0.048,0.066,0.095,0.068,0.03,0.006,0.057,0.065,0.036,0.029,0.057,0.076,0.047,0.086,0.1

>n371684
0.094,0.059,0.068,0.076,0.082,0.072,0.007,0.078,0.065,0.04,0.038,0.037,0.057,0.067,0.068,0.091

>n371761
0.057,0.061,0.061,0.072,0.078,0.076,0.008,0.093,0.057,0.051,0.057,0.044,0.059,0.064,0.083,0.081

>n371778
0.116,0.067,0.083,0.074,0.085,0.04,0.002,0.083,0.076,0.036,0.02,0.04,0.06,0.069,0.067,0.081

>n371814
0.081,0.054,0.085,0.054,0.078,0.05,0.021,0.063,0.071,0.06,0.072,0.064,0.045,0.048,0.089,0.064

>n371891
0.08,0.054,0.065,0.075,0.076,0.052,0.008,0.077,0.049,0.045,0.052,0.055,0.069,0.061,0.076,0.107

>n371907
0.094,0.049,0.071,0.051,0.061,0.053,0.012,0.074,0.079,0.036,0.051,0.056,0.031,0.061,0.089,0.133

>n371910
0.12,0.047,0.073,0.071,0.047,0.041,0.021,0.063,0.06,0.039,0.042,0.062,0.083,0.045,0.067,0.119

>n371912
0.089,0.053,0.089,0.07,0.07,0.043,0.021,0.062,0.094,0.051,0.066,0.049,0.049,0.049,0.083,0.062

>n371915
0.082,0.054,0.077,0.06,0.058,0.063,0.021,0.083,0.076,0.037,0.064,0.039,0.059,0.072,0.052,0.103

>n371934
0.038,0.066,0.062,0.042,0.088,0.113,0.029,0.08,0.056,0.066,0.088,0.047,0.026,0.065,0.078,0.055

>n371938
0.133,0.089,0.091,0.056,0.123,0.085,0.015,0.047,0.068,0.053,0.048,0.024,0.047,0.041,0.039,0.041

>n372019
0.113,0.052,0.061,0.104,0.067,0.042,0.004,0.068,0.059,0.033,0.034,0.045,0.092,0.054,0.071,0.1

>n372030
0.089,0.061,0.063,0.06,0.077,0.073,0.011,0.081,0.051,0.045,0.06,0.052,0.056,0.063,0.074,0.084

>n372080
0.064,0.044,0.084,0.05,0.079,0.083,0.017,0.076,0.063,0.062,0.084,0.05,0.035,0.065,0.076,0.069

>n372205
0.076,0.059,0.06,0.055,0.078,0.066,0.022,0.088,0.051,0.053,0.048,0.048,0.046,0.076,0.07,0.104

>n372291
0.113,0.046,0.061,0.097,0.06,0.044,0.004,0.079,0.065,0.031,0.035,0.048,0.081,0.065,0.079,0.093

>n372317
0.126,0.041,0.054,0.104,0.046,0.02,0.003,0.066,0.06,0.024,0.024,0.061,0.092,0.051,0.088,0.139

>n372336
0.066,0.03,0.053,0.083,0.045,0.118,0.024,0.053,0.082,0.04,0.046,0.087,0.04,0.052,0.131,0.052

>n372403
0.068,0.044,0.118,0.037,0.085,0.076,0.027,0.058,0.095,0.08,0.097,0.039,0.019,0.047,0.069,0.042

>n372462
0.062,0.054,0.082,0.035,0.077,0.07,0.013,0.075,0.057,0.055,0.054,0.057,0.037,0.057,0.074,0.141

>n372503
0.108,0.049,0.073,0.077,0.066,0.037,0.007,0.068,0.077,0.033,0.056,0.059,0.056,0.061,0.089,0.084

>n372524
0.101,0.054,0.1,0.046,0.083,0.062,0.018,0.063,0.08,0.052,0.079,0.055,0.037,0.058,0.069,0.046

>n372533
0.067,0.053,0.063,0.048,0.075,0.055,0.011,0.107,0.051,0.061,0.06,0.05,0.039,0.079,0.088,0.095

>n372578
0.108,0.043,0.084,0.074,0.06,0.036,0.01,0.055,0.07,0.037,0.061,0.069,0.072,0.046,0.081,0.095

>n372614
0.121,0.045,0.076,0.068,0.067,0.037,0.009,0.066,0.074,0.044,0.052,0.053,0.049,0.051,0.086,0.102

>n372674
0.093,0.045,0.086,0.072,0.075,0.044,0.007,0.067,0.072,0.049,0.061,0.052,0.057,0.055,0.079,0.083

>n372685
0.094,0.064,0.066,0.05,0.078,0.04,0.005,0.094,0.061,0.04,0.066,0.045,0.04,0.073,0.078,0.106

>n372718
0.093,0.05,0.071,0.082,0.063,0.038,0.004,0.062,0.064,0.029,0.054,0.056,0.077,0.049,0.073,0.135

>n372725
0.072,0.05,0.076,0.048,0.072,0.103,0.024,0.068,0.077,0.058,0.069,0.045,0.024,0.056,0.08,0.077

>n372769
0.09,0.045,0.051,0.093,0.061,0.043,0.004,0.075,0.048,0.027,0.029,0.052,0.08,0.068,0.072,0.161

>n372786
0.083,0.046,0.078,0.064,0.07,0.059,0.021,0.075,0.065,0.052,0.046,0.057,0.053,0.068,0.074,0.09

>n372815
0.088,0.05,0.071,0.08,0.065,0.06,0.006,0.075,0.067,0.033,0.047,0.051,0.069,0.065,0.072,0.102

>n372903
0.107,0.046,0.064,0.093,0.065,0.032,0.006,0.071,0.071,0.025,0.034,0.041,0.068,0.07,0.068,0.138

>n372916
0.072,0.058,0.071,0.064,0.086,0.091,0.019,0.078,0.054,0.058,0.044,0.041,0.054,0.067,0.063,0.081

>n372935
0.075,0.049,0.087,0.062,0.055,0.061,0.018,0.07,0.087,0.044,0.061,0.06,0.056,0.049,0.086,0.078

>n372944
0.061,0.047,0.08,0.053,0.07,0.075,0.021,0.081,0.069,0.065,0.079,0.046,0.042,0.06,0.078,0.072

>n372953
0.084,0.049,0.083,0.053,0.072,0.065,0.012,0.079,0.067,0.054,0.066,0.05,0.046,0.06,0.076,0.083

>n372986
0.111,0.046,0.084,0.074,0.068,0.044,0.006,0.067,0.081,0.039,0.043,0.05,0.055,0.056,0.08,0.095

>n372987
0.109,0.043,0.071,0.091,0.057,0.029,0.006,0.069,0.063,0.039,0.048,0.048,0.085,0.05,0.073,0.118

>n372993
0.09,0.057,0.074,0.064,0.082,0.061,0.009,0.068,0.061,0.034,0.064,0.056,0.052,0.067,0.069,0.092

>n373241
0.085,0.053,0.074,0.071,0.076,0.049,0.004,0.074,0.064,0.044,0.066,0.053,0.057,0.058,0.083,0.089

>n373361
0.046,0.045,0.071,0.061,0.07,0.079,0.029,0.081,0.061,0.067,0.072,0.055,0.047,0.068,0.083,0.068

>n373434
0.085,0.046,0.099,0.049,0.08,0.06,0.01,0.069,0.093,0.054,0.08,0.043,0.022,0.059,0.081,0.069

>n373555
0.081,0.051,0.062,0.089,0.054,0.039,0.006,0.073,0.066,0.029,0.057,0.056,0.082,0.053,0.082,0.122

>n373563
0.118,0.055,0.074,0.083,0.082,0.043,0.011,0.058,0.064,0.047,0.044,0.047,0.066,0.049,0.073,0.087

>n373575
0.107,0.05,0.072,0.069,0.06,0.051,0.023,0.067,0.068,0.047,0.057,0.05,0.064,0.052,0.07,0.093

>n373685
0.114,0.039,0.081,0.073,0.06,0.039,0.013,0.077,0.081,0.049,0.063,0.052,0.054,0.062,0.087,0.055

>n373706
0.097,0.042,0.082,0.064,0.065,0.051,0.019,0.063,0.076,0.06,0.084,0.049,0.047,0.046,0.082,0.072

>n373758
0.073,0.049,0.062,0.084,0.069,0.022,0.002,0.066,0.075,0.038,0.066,0.06,0.051,0.051,0.108,0.124

>n373787
0.119,0.053,0.063,0.075,0.078,0.045,0.008,0.072,0.046,0.047,0.047,0.054,0.068,0.058,0.076,0.091

>n373788
0.126,0.053,0.067,0.086,0.077,0.041,0.006,0.063,0.053,0.04,0.037,0.049,0.078,0.053,0.068,0.104

>n373790
0.103,0.042,0.055,0.099,0.062,0.04,0.006,0.068,0.043,0.036,0.033,0.054,0.091,0.058,0.071,0.139

>n373804
0.127,0.046,0.052,0.125,0.063,0.027,0.003,0.051,0.049,0.02,0.023,0.044,0.111,0.051,0.058,0.149

>n373805
0.118,0.048,0.052,0.11,0.063,0.029,0.005,0.059,0.049,0.028,0.03,0.05,0.098,0.051,0.069,0.14

>n373865
0.106,0.049,0.082,0.073,0.083,0.062,0.008,0.061,0.076,0.041,0.068,0.047,0.044,0.061,0.075,0.064

>n373886
0.056,0.035,0.078,0.08,0.076,0.047,0.006,0.07,0.056,0.055,0.083,0.057,0.06,0.062,0.085,0.095

>n373943
0.074,0.056,0.09,0.05,0.088,0.085,0.033,0.067,0.067,0.074,0.066,0.041,0.042,0.056,0.059,0.054

>n373957
0.075,0.055,0.08,0.054,0.08,0.063,0.017,0.067,0.07,0.056,0.084,0.057,0.038,0.054,0.085,0.066

>n374027
0.088,0.036,0.051,0.066,0.066,0.102,0.04,0.062,0.069,0.055,0.095,0.047,0.022,0.073,0.08,0.047

>n374061
0.088,0.045,0.085,0.063,0.075,0.066,0.017,0.076,0.074,0.054,0.057,0.043,0.044,0.068,0.069,0.074

>n374109
0.071,0.046,0.079,0.075,0.079,0.054,0.004,0.071,0.063,0.042,0.05,0.067,0.059,0.067,0.092,0.079

>n374138
0.076,0.042,0.056,0.073,0.076,0.05,0.003,0.084,0.045,0.036,0.064,0.067,0.053,0.084,0.087,0.104

>n374240
0.049,0.048,0.058,0.053,0.072,0.074,0.018,0.089,0.053,0.059,0.064,0.061,0.035,0.072,0.096,0.099

>n374487
0.06,0.049,0.079,0.062,0.073,0.066,0.02,0.069,0.074,0.047,0.084,0.053,0.043,0.065,0.075,0.079

>n374497
0.087,0.056,0.075,0.064,0.083,0.063,0.012,0.077,0.061,0.055,0.062,0.049,0.051,0.061,0.078,0.068

>n374499
0.083,0.053,0.07,0.067,0.073,0.051,0.01,0.079,0.051,0.051,0.055,0.053,0.066,0.059,0.074,0.103

>n374520
0.097,0.051,0.068,0.075,0.069,0.048,0.008,0.071,0.056,0.041,0.047,0.052,0.068,0.056,0.073,0.121

>n374530
0.096,0.046,0.071,0.081,0.067,0.046,0.007,0.069,0.059,0.041,0.046,0.054,0.072,0.056,0.076,0.112

>n374534
0.087,0.039,0.076,0.073,0.065,0.051,0.008,0.071,0.061,0.05,0.056,0.06,0.061,0.056,0.087,0.099

>n374536
0.008,0.045,0.034,0.02,0.045,0.185,0.013,0.144,0.031,0.112,0.078,0.041,0.021,0.046,0.137,0.041

>n374538
0.114,0.038,0.108,0.058,0.061,0.038,0.02,0.038,0.126,0.058,0.085,0.05,0.02,0.023,0.102,0.058

>n374604
0.057,0.047,0.084,0.042,0.079,0.109,0.017,0.092,0.066,0.068,0.066,0.042,0.028,0.072,0.076,0.055

>n374607
0.102,0.047,0.069,0.081,0.063,0.042,0.007,0.07,0.057,0.039,0.045,0.055,0.077,0.054,0.076,0.116

>n374652
0.118,0.051,0.074,0.064,0.078,0.058,0.016,0.067,0.063,0.052,0.058,0.045,0.048,0.057,0.069,0.081

>n374660
0.073,0.035,0.095,0.064,0.064,0.045,0.011,0.067,0.066,0.047,0.072,0.069,0.065,0.06,0.075,0.092

>n374751
0.118,0.056,0.07,0.078,0.077,0.047,0.008,0.069,0.053,0.04,0.043,0.047,0.074,0.057,0.064,0.1

>n374798
0.087,0.051,0.072,0.067,0.072,0.06,0.015,0.077,0.06,0.053,0.061,0.05,0.058,0.061,0.076,0.081

>n374801
0.088,0.056,0.067,0.067,0.078,0.074,0.021,0.071,0.069,0.052,0.078,0.037,0.043,0.061,0.07,0.068

>n374890
0.099,0.044,0.066,0.093,0.063,0.035,0.007,0.062,0.059,0.032,0.04,0.062,0.081,0.057,0.079,0.121

>n375021
0.066,0.055,0.071,0.041,0.071,0.083,0.027,0.085,0.073,0.062,0.081,0.046,0.023,0.066,0.082,0.068

>n375063
0.065,0.053,0.083,0.057,0.084,0.065,0.013,0.074,0.068,0.059,0.073,0.052,0.041,0.058,0.084,0.071

>n375097
0.083,0.049,0.051,0.053,0.061,0.069,0.03,0.092,0.059,0.053,0.048,0.04,0.033,0.08,0.073,0.125

>n375209
0.105,0.051,0.066,0.057,0.067,0.058,0.023,0.079,0.051,0.058,0.06,0.05,0.057,0.058,0.07,0.09

>n375212
0.094,0.035,0.074,0.075,0.06,0.035,0.008,0.061,0.063,0.041,0.078,0.063,0.06,0.053,0.086,0.113

>n375243
0.097,0.035,0.067,0.072,0.055,0.03,0.005,0.077,0.062,0.032,0.045,0.07,0.057,0.072,0.09,0.134

>n375244
0.013,0.048,0.073,0.016,0.059,0.108,0.055,0.093,0.062,0.119,0.11,0.055,0.016,0.04,0.108,0.024

>n375266
0.107,0.051,0.062,0.088,0.065,0.033,0.012,0.063,0.056,0.036,0.037,0.054,0.08,0.052,0.072,0.13

>n375267
0.107,0.041,0.066,0.093,0.057,0.04,0.003,0.07,0.065,0.029,0.046,0.052,0.078,0.06,0.077,0.116

>n375270
0.05,0.02,0.067,0.042,0.048,0.114,0.092,0.056,0.042,0.127,0.089,0.052,0.041,0.05,0.059,0.05

>n375299
0.095,0.049,0.087,0.065,0.075,0.046,0.01,0.062,0.072,0.051,0.073,0.055,0.054,0.046,0.081,0.081

>n375318
0.047,0.04,0.083,0.031,0.068,0.101,0.026,0.061,0.073,0.066,0.087,0.085,0.014,0.05,0.116,0.052

>n375340
0.0,0.0,0.008,0.04,0.004,0.0,0.016,0.008,0.016,0.024,0.044,0.365,0.032,0.004,0.378,0.06

>n375390
0.034,0.04,0.069,0.026,0.057,0.115,0.078,0.066,0.057,0.112,0.121,0.049,0.02,0.049,0.069,0.037

>n375399
0.099,0.053,0.074,0.052,0.069,0.077,0.038,0.068,0.075,0.063,0.063,0.045,0.034,0.06,0.071,0.061

>n375457
0.038,0.043,0.079,0.021,0.077,0.129,0.054,0.084,0.053,0.111,0.11,0.035,0.012,0.061,0.068,0.025

>n375459
0.058,0.039,0.089,0.045,0.076,0.071,0.011,0.081,0.061,0.055,0.089,0.066,0.035,0.074,0.082,0.068

>n375462
0.082,0.045,0.074,0.06,0.07,0.059,0.015,0.074,0.067,0.049,0.077,0.057,0.042,0.065,0.084,0.078

>n375473
0.083,0.052,0.059,0.067,0.069,0.072,0.009,0.101,0.044,0.046,0.043,0.047,0.065,0.081,0.069,0.092

>n375477
0.079,0.045,0.072,0.067,0.061,0.048,0.007,0.075,0.063,0.036,0.058,0.058,0.06,0.061,0.079,0.13

>n375478
0.081,0.045,0.073,0.065,0.061,0.048,0.007,0.079,0.061,0.037,0.061,0.061,0.062,0.064,0.08,0.116

>n375522
0.075,0.052,0.08,0.047,0.069,0.07,0.026,0.08,0.07,0.065,0.087,0.048,0.039,0.058,0.078,0.058

>n375526
0.062,0.047,0.068,0.018,0.059,0.134,0.088,0.077,0.062,0.106,0.087,0.034,0.011,0.072,0.047,0.029

>n375577
0.096,0.046,0.072,0.077,0.066,0.049,0.01,0.065,0.062,0.045,0.053,0.056,0.067,0.051,0.081,0.103

>n375578
0.063,0.055,0.05,0.081,0.059,0.041,0.01,0.072,0.053,0.036,0.046,0.069,0.075,0.05,0.098,0.14

>n375603
0.048,0.04,0.055,0.042,0.055,0.048,0.018,0.073,0.046,0.029,0.064,0.081,0.035,0.075,0.086,0.207

>n375625
0.067,0.049,0.063,0.072,0.072,0.069,0.011,0.076,0.053,0.044,0.056,0.045,0.058,0.067,0.069,0.13

>n375630
0.103,0.048,0.071,0.084,0.068,0.043,0.013,0.063,0.06,0.042,0.048,0.056,0.076,0.053,0.074,0.1

>n375659
0.029,0.054,0.065,0.035,0.072,0.104,0.033,0.085,0.053,0.076,0.088,0.051,0.03,0.058,0.083,0.085

>n375683
0.143,0.052,0.061,0.067,0.07,0.088,0.024,0.064,0.079,0.049,0.055,0.034,0.027,0.058,0.076,0.052

>n375703
0.056,0.052,0.077,0.033,0.069,0.079,0.036,0.089,0.063,0.077,0.097,0.044,0.03,0.065,0.07,0.064

>n375715
0.057,0.043,0.074,0.045,0.063,0.074,0.028,0.086,0.063,0.063,0.08,0.057,0.037,0.07,0.08,0.08

>n375744
0.048,0.053,0.06,0.031,0.074,0.098,0.021,0.081,0.057,0.06,0.134,0.06,0.012,0.067,0.093,0.053

>n375745
0.03,0.046,0.058,0.021,0.054,0.125,0.077,0.068,0.06,0.096,0.134,0.056,0.012,0.057,0.076,0.029

>n375746
0.033,0.045,0.06,0.024,0.056,0.124,0.074,0.067,0.06,0.093,0.127,0.056,0.014,0.059,0.074,0.035

>n375747
0.037,0.041,0.071,0.026,0.061,0.11,0.054,0.071,0.067,0.089,0.139,0.052,0.011,0.056,0.082,0.032

>n375748
0.041,0.039,0.073,0.02,0.049,0.14,0.082,0.061,0.076,0.107,0.141,0.034,0.008,0.043,0.063,0.022

>n375802
0.028,0.056,0.078,0.019,0.062,0.112,0.082,0.057,0.076,0.107,0.149,0.033,0.014,0.037,0.057,0.034

>n375854
0.048,0.057,0.08,0.038,0.08,0.094,0.03,0.071,0.075,0.068,0.106,0.048,0.02,0.056,0.081,0.048

>n375857
0.112,0.054,0.061,0.089,0.064,0.035,0.008,0.066,0.062,0.035,0.04,0.057,0.079,0.048,0.084,0.106

>n375935
0.095,0.057,0.085,0.065,0.088,0.067,0.013,0.062,0.077,0.054,0.062,0.046,0.042,0.054,0.078,0.055

>n375968
0.083,0.051,0.087,0.069,0.079,0.05,0.005,0.071,0.087,0.035,0.043,0.05,0.042,0.069,0.08,0.101

>n376010
0.072,0.059,0.073,0.058,0.065,0.059,0.026,0.081,0.074,0.062,0.06,0.055,0.049,0.053,0.092,0.062

>n376049
0.123,0.051,0.068,0.081,0.07,0.038,0.006,0.064,0.056,0.036,0.041,0.054,0.075,0.052,0.072,0.114

>n376188
0.042,0.048,0.073,0.033,0.073,0.101,0.032,0.09,0.061,0.081,0.103,0.042,0.021,0.065,0.079,0.056

>n376189
0.061,0.051,0.05,0.072,0.063,0.061,0.023,0.074,0.047,0.052,0.044,0.059,0.062,0.058,0.084,0.137

>n376203
0.086,0.063,0.077,0.045,0.07,0.086,0.047,0.074,0.083,0.067,0.085,0.036,0.031,0.061,0.063,0.027

>n376207
0.068,0.047,0.058,0.056,0.057,0.058,0.034,0.072,0.066,0.051,0.067,0.08,0.038,0.066,0.105,0.075

>n376215
0.069,0.046,0.058,0.077,0.064,0.047,0.016,0.075,0.048,0.043,0.043,0.052,0.068,0.066,0.07,0.157

>n376248
0.103,0.032,0.056,0.111,0.053,0.038,0.015,0.056,0.067,0.035,0.044,0.059,0.082,0.053,0.091,0.106

>n376275
0.112,0.048,0.071,0.079,0.067,0.054,0.004,0.056,0.054,0.04,0.04,0.058,0.077,0.04,0.079,0.123

>n376313
0.11,0.04,0.079,0.068,0.071,0.053,0.012,0.072,0.072,0.055,0.056,0.041,0.045,0.06,0.076,0.09

>n376314
0.093,0.049,0.062,0.093,0.071,0.036,0.005,0.063,0.057,0.031,0.042,0.059,0.076,0.058,0.08,0.124

>n376336
0.054,0.042,0.067,0.053,0.044,0.049,0.032,0.072,0.083,0.049,0.072,0.089,0.038,0.055,0.121,0.079

>n376366
0.054,0.064,0.059,0.072,0.084,0.063,0.008,0.085,0.058,0.045,0.051,0.058,0.053,0.068,0.095,0.082

>n376380
0.073,0.062,0.057,0.052,0.076,0.062,0.029,0.085,0.061,0.061,0.06,0.047,0.034,0.066,0.083,0.091

>n376381
0.129,0.057,0.059,0.086,0.067,0.033,0.009,0.066,0.077,0.03,0.037,0.049,0.058,0.055,0.088,0.099

>n376384
0.074,0.07,0.055,0.054,0.076,0.069,0.028,0.084,0.063,0.058,0.06,0.048,0.041,0.06,0.084,0.075

>n376398
0.067,0.046,0.051,0.082,0.058,0.048,0.016,0.075,0.048,0.04,0.036,0.06,0.074,0.063,0.08,0.155

>n376402
0.002,0.0,0.065,0.013,0.054,0.043,0.029,0.056,0.013,0.029,0.192,0.206,0.011,0.11,0.154,0.022

>n376403
0.004,0.008,0.058,0.025,0.046,0.029,0.008,0.075,0.021,0.008,0.167,0.217,0.021,0.113,0.183,0.017

>n376411
0.068,0.064,0.074,0.043,0.077,0.075,0.043,0.07,0.074,0.077,0.095,0.037,0.029,0.048,0.072,0.054

>n376420
0.073,0.039,0.083,0.049,0.054,0.063,0.021,0.084,0.084,0.048,0.051,0.069,0.034,0.071,0.098,0.079

>n376424
0.034,0.049,0.073,0.032,0.053,0.091,0.039,0.08,0.079,0.065,0.095,0.085,0.022,0.059,0.116,0.029

>n376425
0.058,0.047,0.078,0.042,0.058,0.06,0.042,0.087,0.078,0.071,0.083,0.049,0.031,0.067,0.078,0.069

>n376433
0.035,0.04,0.064,0.035,0.064,0.132,0.046,0.086,0.057,0.078,0.081,0.06,0.018,0.078,0.085,0.041

>n376434
0.034,0.054,0.074,0.038,0.083,0.088,0.022,0.084,0.056,0.058,0.091,0.071,0.027,0.077,0.088,0.055

>n376473
0.053,0.032,0.038,0.086,0.051,0.053,0.011,0.083,0.039,0.042,0.04,0.062,0.066,0.071,0.093,0.18

>n376477
0.098,0.047,0.084,0.041,0.067,0.063,0.034,0.067,0.068,0.068,0.075,0.057,0.036,0.052,0.076,0.066

>n376502
0.075,0.037,0.084,0.053,0.056,0.059,0.016,0.082,0.084,0.045,0.045,0.071,0.034,0.071,0.1,0.085

>n376504
0.056,0.031,0.046,0.073,0.05,0.065,0.008,0.088,0.036,0.044,0.046,0.08,0.063,0.071,0.109,0.134

>n376518
0.085,0.059,0.068,0.071,0.083,0.065,0.007,0.077,0.064,0.054,0.049,0.045,0.051,0.054,0.089,0.078

>n376522
0.098,0.047,0.07,0.069,0.072,0.052,0.014,0.068,0.064,0.051,0.061,0.049,0.051,0.056,0.079,0.1

>n376534
0.054,0.045,0.071,0.048,0.084,0.095,0.02,0.082,0.053,0.066,0.072,0.055,0.027,0.076,0.083,0.07

>n376544
0.07,0.047,0.074,0.064,0.063,0.057,0.008,0.079,0.071,0.044,0.068,0.052,0.05,0.059,0.085,0.105

>n376590
0.126,0.052,0.074,0.055,0.076,0.057,0.017,0.062,0.063,0.06,0.075,0.049,0.042,0.043,0.083,0.067

>n376755
0.142,0.048,0.069,0.058,0.07,0.043,0.019,0.053,0.059,0.058,0.069,0.067,0.045,0.035,0.098,0.067

>n376779
0.092,0.062,0.093,0.044,0.08,0.067,0.005,0.076,0.084,0.05,0.083,0.041,0.035,0.049,0.076,0.064

>n376979
0.07,0.042,0.062,0.063,0.064,0.068,0.009,0.091,0.063,0.047,0.055,0.057,0.04,0.076,0.095,0.097

>n376985
0.053,0.05,0.076,0.041,0.073,0.087,0.033,0.071,0.064,0.067,0.1,0.056,0.029,0.06,0.078,0.063

>n376991
0.051,0.061,0.083,0.026,0.088,0.103,0.037,0.07,0.066,0.079,0.127,0.044,0.016,0.055,0.07,0.023

>n377015
0.105,0.041,0.06,0.094,0.052,0.031,0.008,0.073,0.05,0.035,0.029,0.059,0.094,0.057,0.074,0.138

>n377137
0.082,0.053,0.056,0.096,0.066,0.039,0.006,0.074,0.047,0.03,0.028,0.058,0.091,0.064,0.073,0.136

>n377170
0.06,0.066,0.08,0.038,0.092,0.087,0.024,0.085,0.067,0.064,0.085,0.039,0.025,0.069,0.068,0.052

>n377214
0.079,0.063,0.086,0.069,0.083,0.043,0.011,0.062,0.061,0.041,0.046,0.052,0.073,0.053,0.057,0.121

>n377217
0.085,0.04,0.063,0.069,0.061,0.047,0.014,0.08,0.058,0.044,0.049,0.055,0.053,0.071,0.08,0.131

>n377236
0.031,0.053,0.084,0.035,0.086,0.115,0.031,0.073,0.07,0.087,0.091,0.047,0.017,0.049,0.089,0.043

>n377254
0.002,0.013,0.018,0.002,0.002,0.178,0.178,0.045,0.031,0.128,0.182,0.074,0.0,0.085,0.036,0.029

>n377284
0.074,0.05,0.097,0.043,0.08,0.058,0.023,0.051,0.081,0.065,0.108,0.058,0.03,0.039,0.083,0.06

>n377290
0.043,0.043,0.069,0.03,0.074,0.093,0.035,0.076,0.052,0.08,0.096,0.071,0.016,0.062,0.099,0.063

>n377295
0.074,0.05,0.068,0.045,0.06,0.056,0.047,0.078,0.058,0.065,0.078,0.068,0.045,0.069,0.076,0.061

>n377300
0.057,0.045,0.085,0.042,0.067,0.067,0.016,0.083,0.069,0.058,0.103,0.056,0.037,0.062,0.082,0.071

>n377310
0.091,0.059,0.069,0.074,0.073,0.054,0.007,0.08,0.067,0.037,0.034,0.048,0.063,0.063,0.075,0.106

>n377360
0.088,0.063,0.073,0.07,0.077,0.056,0.007,0.082,0.071,0.04,0.035,0.043,0.057,0.064,0.075,0.1

>n377416
0.107,0.062,0.059,0.037,0.071,0.065,0.02,0.079,0.048,0.051,0.085,0.059,0.04,0.056,0.079,0.082

>n377427
0.058,0.044,0.085,0.045,0.067,0.065,0.014,0.082,0.069,0.056,0.1,0.057,0.039,0.062,0.083,0.074

>n377456
0.055,0.054,0.078,0.044,0.075,0.1,0.02,0.086,0.074,0.057,0.079,0.047,0.027,0.07,0.079,0.056

>n377506
0.058,0.042,0.065,0.082,0.058,0.055,0.011,0.08,0.06,0.048,0.053,0.054,0.072,0.06,0.085,0.119

>n377541
0.103,0.062,0.09,0.051,0.077,0.057,0.025,0.067,0.089,0.056,0.077,0.043,0.036,0.052,0.071,0.043

>n377576
0.165,0.06,0.084,0.089,0.086,0.037,0.004,0.046,0.077,0.032,0.045,0.039,0.07,0.043,0.06,0.065

>n377577
0.116,0.059,0.083,0.066,0.087,0.049,0.009,0.064,0.058,0.048,0.055,0.047,0.063,0.054,0.06,0.083

>n377616
0.097,0.049,0.068,0.078,0.07,0.044,0.01,0.067,0.064,0.041,0.06,0.056,0.062,0.056,0.084,0.095

>n377639
0.121,0.046,0.056,0.098,0.043,0.032,0.012,0.067,0.065,0.026,0.03,0.047,0.092,0.05,0.07,0.143

>n377642
0.056,0.056,0.084,0.04,0.079,0.1,0.018,0.084,0.083,0.072,0.082,0.038,0.019,0.053,0.091,0.047

>n377651
0.055,0.042,0.078,0.039,0.059,0.063,0.06,0.061,0.071,0.092,0.085,0.059,0.03,0.046,0.083,0.075

>n377656
0.068,0.05,0.072,0.039,0.059,0.096,0.053,0.077,0.067,0.073,0.079,0.043,0.035,0.066,0.059,0.063

>n377659
0.03,0.046,0.086,0.029,0.075,0.115,0.042,0.069,0.071,0.093,0.128,0.046,0.013,0.048,0.082,0.027

>n377660
0.068,0.052,0.073,0.019,0.062,0.09,0.081,0.065,0.064,0.103,0.107,0.041,0.017,0.054,0.054,0.05

>n377664
0.071,0.04,0.077,0.043,0.057,0.077,0.061,0.067,0.074,0.078,0.092,0.045,0.029,0.067,0.059,0.062

>n377665
0.051,0.044,0.064,0.053,0.056,0.071,0.045,0.078,0.057,0.076,0.078,0.054,0.048,0.059,0.077,0.089

>n377669
0.069,0.052,0.069,0.059,0.081,0.066,0.025,0.074,0.053,0.061,0.066,0.051,0.046,0.068,0.07,0.091

>n377670
0.082,0.054,0.052,0.074,0.074,0.056,0.024,0.074,0.06,0.045,0.075,0.046,0.047,0.073,0.075,0.09

>n377672
0.074,0.047,0.055,0.055,0.066,0.076,0.027,0.081,0.068,0.055,0.064,0.055,0.025,0.072,0.095,0.085

>n377677
0.107,0.043,0.073,0.071,0.067,0.065,0.019,0.057,0.067,0.054,0.06,0.051,0.054,0.046,0.08,0.086

>n377678
0.034,0.05,0.086,0.028,0.078,0.109,0.04,0.07,0.07,0.088,0.121,0.048,0.016,0.05,0.08,0.031

>n377680
0.067,0.037,0.081,0.063,0.064,0.055,0.014,0.08,0.084,0.051,0.1,0.052,0.033,0.07,0.092,0.057

>n377683
0.132,0.053,0.088,0.069,0.07,0.041,0.015,0.059,0.079,0.044,0.049,0.045,0.062,0.046,0.065,0.082

>n377684
0.045,0.046,0.075,0.036,0.083,0.118,0.027,0.107,0.045,0.084,0.063,0.038,0.029,0.087,0.065,0.052

>n377707
0.041,0.036,0.111,0.022,0.064,0.089,0.042,0.068,0.086,0.096,0.135,0.05,0.019,0.042,0.078,0.02

>n377717
0.107,0.046,0.069,0.053,0.045,0.039,0.046,0.053,0.082,0.063,0.073,0.065,0.043,0.035,0.094,0.087

>n377720
0.134,0.053,0.072,0.082,0.068,0.032,0.006,0.057,0.065,0.031,0.032,0.056,0.074,0.047,0.073,0.117

>n377736
0.063,0.047,0.074,0.052,0.072,0.075,0.033,0.074,0.062,0.065,0.07,0.054,0.039,0.067,0.074,0.081

>n377740
0.109,0.05,0.076,0.069,0.062,0.052,0.023,0.065,0.075,0.051,0.06,0.047,0.058,0.05,0.073,0.081

>n377766
0.078,0.059,0.074,0.034,0.072,0.085,0.058,0.073,0.072,0.082,0.072,0.041,0.023,0.061,0.064,0.051

>n377769
0.046,0.081,0.045,0.105,0.095,0.037,0.013,0.061,0.038,0.042,0.038,0.075,0.099,0.045,0.097,0.083

>n377771
0.104,0.046,0.087,0.065,0.067,0.047,0.029,0.058,0.074,0.063,0.066,0.046,0.057,0.044,0.068,0.08

>n377788
0.098,0.052,0.075,0.048,0.075,0.05,0.014,0.087,0.062,0.05,0.048,0.052,0.041,0.073,0.073,0.1

>n377795
0.077,0.058,0.087,0.042,0.078,0.077,0.028,0.077,0.082,0.064,0.073,0.041,0.027,0.061,0.072,0.057

>n377799
0.095,0.047,0.079,0.066,0.069,0.038,0.006,0.066,0.066,0.048,0.058,0.063,0.058,0.046,0.093,0.1

>n377809
0.087,0.051,0.094,0.052,0.086,0.065,0.013,0.073,0.076,0.063,0.063,0.049,0.035,0.058,0.081,0.055

>n377813
0.02,0.04,0.077,0.036,0.053,0.049,0.024,0.105,0.057,0.073,0.073,0.061,0.045,0.069,0.089,0.13

>n377818
0.079,0.048,0.074,0.055,0.071,0.066,0.021,0.076,0.063,0.062,0.07,0.05,0.043,0.058,0.08,0.084

>n377827
0.039,0.037,0.094,0.038,0.075,0.087,0.037,0.085,0.068,0.101,0.087,0.041,0.026,0.06,0.079,0.045

>n377834
0.095,0.048,0.081,0.063,0.054,0.044,0.021,0.068,0.076,0.05,0.073,0.058,0.063,0.045,0.082,0.077

>n377837
0.085,0.052,0.068,0.064,0.074,0.065,0.011,0.078,0.061,0.046,0.054,0.053,0.051,0.064,0.081,0.095

>n377859
0.059,0.061,0.078,0.045,0.085,0.103,0.01,0.096,0.064,0.054,0.052,0.043,0.033,0.075,0.074,0.067

>n377862
0.047,0.04,0.067,0.045,0.064,0.085,0.023,0.09,0.066,0.063,0.075,0.064,0.022,0.073,0.103,0.073

>n377873
0.1,0.063,0.089,0.064,0.086,0.06,0.011,0.067,0.072,0.053,0.047,0.045,0.057,0.05,0.069,0.066

>n377897
0.067,0.056,0.077,0.049,0.093,0.081,0.021,0.077,0.058,0.071,0.069,0.047,0.033,0.063,0.077,0.06

>n377912
0.129,0.054,0.068,0.088,0.059,0.033,0.012,0.065,0.071,0.033,0.042,0.042,0.081,0.048,0.065,0.109

>n377916
0.036,0.046,0.065,0.036,0.075,0.12,0.053,0.078,0.054,0.091,0.092,0.044,0.018,0.069,0.071,0.054

>n377919
0.038,0.054,0.059,0.051,0.067,0.065,0.038,0.087,0.056,0.054,0.065,0.075,0.041,0.082,0.09,0.079

>n377923
0.073,0.046,0.087,0.048,0.07,0.065,0.013,0.078,0.073,0.063,0.095,0.052,0.038,0.053,0.087,0.058

>n377932
0.095,0.049,0.089,0.064,0.056,0.04,0.006,0.064,0.08,0.036,0.056,0.064,0.066,0.041,0.085,0.107

>n377954
0.082,0.041,0.082,0.061,0.037,0.092,0.02,0.078,0.095,0.037,0.044,0.044,0.051,0.058,0.075,0.102

>n377981
0.076,0.05,0.071,0.054,0.061,0.057,0.019,0.097,0.057,0.045,0.049,0.061,0.055,0.081,0.075,0.092

>n377982
0.046,0.055,0.071,0.031,0.063,0.11,0.053,0.077,0.068,0.079,0.098,0.049,0.025,0.06,0.072,0.044

>n377986
0.069,0.047,0.087,0.048,0.084,0.071,0.029,0.067,0.068,0.07,0.08,0.055,0.03,0.062,0.077,0.057

>n377988
0.033,0.057,0.069,0.024,0.064,0.098,0.065,0.075,0.071,0.084,0.114,0.057,0.014,0.064,0.077,0.035

>n378002
0.072,0.055,0.077,0.052,0.093,0.085,0.021,0.077,0.06,0.074,0.078,0.041,0.031,0.062,0.077,0.046

>n378007
0.069,0.046,0.062,0.075,0.067,0.055,0.013,0.068,0.047,0.044,0.047,0.072,0.069,0.057,0.087,0.123

>n378019
0.074,0.054,0.072,0.07,0.077,0.049,0.015,0.073,0.069,0.046,0.063,0.054,0.051,0.064,0.082,0.088

>n378039
0.099,0.046,0.072,0.051,0.047,0.038,0.049,0.053,0.08,0.067,0.069,0.068,0.042,0.036,0.094,0.09

>n378054
0.091,0.044,0.073,0.063,0.075,0.055,0.028,0.055,0.071,0.077,0.091,0.046,0.036,0.034,0.093,0.069

>n378063
0.104,0.035,0.082,0.071,0.049,0.043,0.028,0.057,0.078,0.052,0.051,0.059,0.062,0.046,0.079,0.103

>n378068
0.102,0.048,0.075,0.078,0.058,0.034,0.004,0.072,0.068,0.041,0.051,0.063,0.076,0.044,0.093,0.093

>n378090
0.041,0.042,0.094,0.035,0.077,0.082,0.031,0.078,0.067,0.091,0.107,0.049,0.028,0.052,0.083,0.045

>n378094
0.136,0.039,0.058,0.094,0.049,0.03,0.019,0.061,0.049,0.041,0.032,0.045,0.093,0.048,0.059,0.148

>n378100
0.084,0.053,0.068,0.069,0.072,0.048,0.012,0.076,0.064,0.044,0.048,0.052,0.055,0.063,0.079,0.112

>n378107
0.091,0.048,0.077,0.07,0.071,0.04,0.003,0.079,0.071,0.055,0.054,0.054,0.052,0.051,0.099,0.083

>n378108
0.103,0.04,0.073,0.081,0.062,0.036,0.006,0.069,0.059,0.047,0.051,0.056,0.073,0.05,0.081,0.112

>n378125
0.072,0.047,0.081,0.066,0.081,0.062,0.012,0.07,0.069,0.055,0.069,0.052,0.044,0.061,0.084,0.076

>n378136
0.076,0.057,0.094,0.029,0.063,0.086,0.062,0.063,0.096,0.083,0.086,0.037,0.023,0.049,0.059,0.036

>n378190
0.104,0.055,0.072,0.055,0.047,0.051,0.037,0.073,0.077,0.058,0.085,0.043,0.06,0.044,0.067,0.072

>n378201
0.069,0.066,0.074,0.048,0.086,0.069,0.019,0.083,0.066,0.04,0.059,0.062,0.036,0.083,0.074,0.067

>n378218
0.083,0.051,0.069,0.051,0.073,0.076,0.03,0.09,0.059,0.069,0.041,0.045,0.037,0.073,0.076,0.075

>n378238
0.134,0.054,0.081,0.058,0.075,0.069,0.015,0.068,0.067,0.049,0.053,0.035,0.052,0.054,0.055,0.08

>n378247
0.097,0.065,0.064,0.078,0.081,0.045,0.019,0.072,0.068,0.048,0.038,0.041,0.06,0.059,0.073,0.093

>n378252
0.106,0.047,0.071,0.074,0.052,0.031,0.018,0.052,0.066,0.034,0.032,0.084,0.074,0.04,0.096,0.125

>n378273
0.092,0.051,0.081,0.052,0.067,0.071,0.031,0.065,0.073,0.06,0.082,0.05,0.045,0.052,0.07,0.059

>n378277
0.068,0.049,0.071,0.048,0.075,0.09,0.028,0.082,0.064,0.062,0.067,0.05,0.029,0.075,0.076,0.066

>n378279
0.066,0.052,0.083,0.047,0.083,0.082,0.017,0.074,0.067,0.067,0.086,0.047,0.032,0.055,0.081,0.059

>n378287
0.095,0.058,0.055,0.078,0.082,0.037,0.018,0.064,0.061,0.057,0.044,0.043,0.048,0.05,0.087,0.123

>n378313
0.06,0.04,0.075,0.044,0.055,0.104,0.034,0.091,0.072,0.073,0.076,0.048,0.032,0.067,0.084,0.042

>n378317
0.116,0.052,0.079,0.063,0.071,0.057,0.024,0.066,0.079,0.045,0.074,0.038,0.045,0.063,0.059,0.069

>n378350
0.081,0.048,0.074,0.07,0.066,0.055,0.016,0.068,0.071,0.042,0.063,0.056,0.055,0.061,0.078,0.097

>n378352
0.104,0.046,0.08,0.08,0.067,0.042,0.006,0.067,0.068,0.039,0.041,0.054,0.071,0.056,0.074,0.101

>n378353
0.094,0.044,0.067,0.07,0.044,0.029,0.023,0.061,0.068,0.035,0.04,0.081,0.07,0.048,0.094,0.129

>n378366
0.084,0.047,0.076,0.068,0.068,0.048,0.009,0.07,0.062,0.049,0.052,0.063,0.061,0.051,0.09,0.101

>n378377
0.093,0.051,0.076,0.065,0.076,0.053,0.01,0.075,0.067,0.047,0.041,0.057,0.048,0.063,0.085,0.093

>n378384
0.06,0.055,0.068,0.056,0.065,0.075,0.022,0.082,0.07,0.041,0.051,0.077,0.043,0.074,0.099,0.063

