>n386735
0.11,0.042,0.07,0.075,0.051,0.03,0.01,0.065,0.057,0.041,0.043,0.068,0.08,0.043,0.086,0.128

>n386737
0.063,0.057,0.079,0.036,0.077,0.092,0.036,0.072,0.071,0.08,0.108,0.041,0.024,0.048,0.076,0.039

>n386770
0.092,0.048,0.065,0.081,0.065,0.047,0.008,0.067,0.059,0.035,0.04,0.057,0.071,0.057,0.078,0.128

>n386815
0.057,0.043,0.142,0.016,0.089,0.08,0.027,0.071,0.099,0.091,0.107,0.032,0.012,0.053,0.053,0.028

>n386818
0.104,0.058,0.067,0.091,0.065,0.03,0.007,0.065,0.07,0.032,0.042,0.056,0.081,0.047,0.085,0.1

>n386856
0.063,0.048,0.079,0.056,0.072,0.064,0.013,0.078,0.066,0.058,0.078,0.057,0.045,0.057,0.089,0.078

>n386901
0.054,0.055,0.08,0.039,0.084,0.087,0.033,0.08,0.064,0.079,0.086,0.048,0.027,0.063,0.078,0.043

>n386957
0.06,0.047,0.08,0.051,0.072,0.077,0.033,0.072,0.071,0.081,0.073,0.052,0.035,0.05,0.09,0.057

>n386976
0.074,0.052,0.075,0.067,0.071,0.062,0.01,0.076,0.068,0.045,0.048,0.055,0.055,0.061,0.084,0.098

>n386977
0.081,0.055,0.068,0.047,0.064,0.077,0.039,0.068,0.062,0.067,0.082,0.051,0.043,0.049,0.073,0.072

>n387010
0.073,0.051,0.101,0.043,0.072,0.066,0.037,0.058,0.09,0.068,0.097,0.051,0.033,0.049,0.071,0.04

>n387016
0.058,0.044,0.06,0.054,0.071,0.093,0.011,0.092,0.041,0.048,0.061,0.06,0.045,0.083,0.078,0.101

>n387017
0.081,0.044,0.072,0.059,0.07,0.075,0.013,0.085,0.058,0.05,0.064,0.053,0.047,0.075,0.075,0.08

>n387024
0.073,0.043,0.071,0.06,0.077,0.078,0.011,0.083,0.053,0.05,0.061,0.058,0.043,0.08,0.078,0.083

>n387025
0.053,0.043,0.063,0.052,0.073,0.093,0.015,0.095,0.048,0.051,0.063,0.056,0.036,0.088,0.079,0.093

>n387026
0.073,0.052,0.068,0.058,0.062,0.068,0.049,0.068,0.068,0.068,0.071,0.045,0.048,0.058,0.065,0.079

>n387046
0.073,0.063,0.068,0.052,0.084,0.077,0.022,0.085,0.064,0.059,0.054,0.05,0.034,0.07,0.084,0.063

>n387048
0.082,0.04,0.07,0.059,0.064,0.061,0.048,0.057,0.058,0.075,0.071,0.06,0.047,0.054,0.075,0.08

>n387059
0.04,0.05,0.075,0.03,0.078,0.131,0.044,0.078,0.057,0.089,0.111,0.035,0.019,0.062,0.062,0.04

>n387060
0.037,0.049,0.064,0.026,0.066,0.126,0.048,0.068,0.055,0.09,0.127,0.049,0.017,0.044,0.081,0.054

>n387063
0.106,0.051,0.07,0.082,0.078,0.045,0.009,0.064,0.05,0.041,0.046,0.059,0.074,0.059,0.072,0.095

>n387106
0.072,0.045,0.062,0.063,0.067,0.077,0.024,0.076,0.06,0.058,0.065,0.051,0.043,0.065,0.082,0.089

>n387112
0.083,0.053,0.066,0.069,0.066,0.055,0.028,0.064,0.066,0.053,0.06,0.06,0.057,0.052,0.084,0.085

>n387116
0.067,0.056,0.083,0.047,0.089,0.078,0.015,0.072,0.059,0.062,0.064,0.055,0.039,0.058,0.077,0.078

>n387128
0.117,0.059,0.081,0.068,0.074,0.043,0.022,0.068,0.092,0.048,0.047,0.04,0.042,0.056,0.078,0.065

>n387140
0.091,0.049,0.086,0.078,0.074,0.041,0.026,0.055,0.076,0.056,0.061,0.043,0.063,0.049,0.063,0.088

>n387142
0.069,0.05,0.082,0.053,0.065,0.056,0.029,0.065,0.08,0.053,0.076,0.055,0.04,0.056,0.077,0.094

>n387178
0.12,0.06,0.082,0.058,0.084,0.047,0.024,0.067,0.083,0.061,0.063,0.035,0.032,0.055,0.074,0.055

>n387192
0.051,0.057,0.059,0.061,0.068,0.088,0.007,0.086,0.057,0.045,0.09,0.066,0.051,0.059,0.102,0.053

>n387210
0.073,0.055,0.064,0.041,0.064,0.092,0.047,0.066,0.069,0.066,0.089,0.057,0.026,0.057,0.08,0.052

>n387236
0.08,0.055,0.09,0.06,0.085,0.073,0.026,0.065,0.087,0.061,0.072,0.038,0.033,0.06,0.071,0.046

>n387265
0.057,0.054,0.073,0.049,0.07,0.079,0.026,0.092,0.069,0.069,0.065,0.05,0.036,0.067,0.089,0.054

>n387266
0.057,0.046,0.069,0.04,0.067,0.076,0.032,0.074,0.062,0.067,0.09,0.064,0.026,0.061,0.092,0.078

>n387280
0.103,0.056,0.067,0.07,0.079,0.066,0.019,0.063,0.061,0.052,0.04,0.044,0.052,0.053,0.072,0.103

>n387290
0.082,0.053,0.081,0.061,0.07,0.055,0.012,0.075,0.069,0.05,0.057,0.057,0.056,0.054,0.083,0.083

>n387292
0.048,0.037,0.082,0.06,0.066,0.071,0.014,0.088,0.071,0.058,0.053,0.054,0.043,0.072,0.087,0.096

>n387306
0.062,0.06,0.078,0.036,0.091,0.092,0.033,0.079,0.058,0.078,0.075,0.045,0.024,0.065,0.071,0.052

>n387313
0.1,0.056,0.069,0.058,0.072,0.066,0.033,0.066,0.074,0.053,0.06,0.055,0.037,0.061,0.08,0.063

>n387316
0.128,0.053,0.088,0.063,0.081,0.048,0.007,0.062,0.07,0.049,0.062,0.05,0.053,0.048,0.074,0.061

>n387393
0.087,0.045,0.075,0.076,0.057,0.04,0.022,0.058,0.064,0.046,0.063,0.069,0.075,0.045,0.082,0.096

>n387397
0.072,0.054,0.071,0.041,0.072,0.098,0.023,0.081,0.062,0.063,0.074,0.05,0.032,0.059,0.08,0.069

>n387402
0.058,0.049,0.057,0.066,0.069,0.052,0.018,0.072,0.052,0.041,0.075,0.066,0.051,0.069,0.085,0.122

>n387437
0.078,0.039,0.103,0.062,0.077,0.051,0.006,0.062,0.075,0.057,0.079,0.062,0.052,0.05,0.084,0.065

>n387439
0.145,0.068,0.085,0.084,0.084,0.04,0.004,0.056,0.088,0.031,0.044,0.032,0.065,0.046,0.061,0.069

>n387476
0.054,0.041,0.078,0.033,0.066,0.098,0.05,0.065,0.062,0.084,0.125,0.046,0.024,0.057,0.063,0.055

>n387531
0.059,0.047,0.072,0.034,0.064,0.097,0.059,0.066,0.059,0.088,0.104,0.047,0.029,0.054,0.063,0.06

>n387602
0.089,0.042,0.078,0.068,0.055,0.049,0.016,0.076,0.073,0.048,0.053,0.052,0.06,0.057,0.079,0.104

>n387614
0.115,0.044,0.077,0.056,0.073,0.046,0.023,0.05,0.069,0.046,0.077,0.075,0.034,0.056,0.09,0.071

>n387634
0.061,0.033,0.089,0.037,0.066,0.085,0.025,0.069,0.064,0.076,0.109,0.058,0.029,0.05,0.084,0.064

>n387641
0.093,0.043,0.087,0.064,0.075,0.079,0.017,0.076,0.075,0.071,0.053,0.04,0.044,0.055,0.08,0.049

>n387674
0.028,0.054,0.084,0.029,0.079,0.105,0.041,0.082,0.067,0.097,0.092,0.051,0.021,0.051,0.09,0.03

>n387706
0.053,0.066,0.063,0.029,0.087,0.147,0.055,0.071,0.05,0.087,0.055,0.047,0.024,0.061,0.063,0.042

>n387712
0.126,0.047,0.08,0.068,0.061,0.049,0.014,0.07,0.083,0.041,0.056,0.044,0.051,0.057,0.074,0.079

>n387718
0.1,0.041,0.071,0.06,0.071,0.05,0.018,0.06,0.062,0.058,0.056,0.071,0.038,0.05,0.102,0.094

>n387719
0.044,0.042,0.078,0.032,0.062,0.068,0.041,0.08,0.063,0.085,0.113,0.067,0.027,0.056,0.096,0.045

>n387722
0.073,0.094,0.042,0.074,0.097,0.105,0.027,0.094,0.032,0.051,0.03,0.021,0.081,0.073,0.034,0.072

>n387733
0.045,0.05,0.091,0.039,0.08,0.083,0.042,0.069,0.076,0.093,0.103,0.045,0.024,0.047,0.082,0.027

>n387748
0.078,0.044,0.081,0.059,0.072,0.06,0.021,0.07,0.07,0.056,0.061,0.059,0.042,0.063,0.084,0.078

>n405217
0.078,0.057,0.069,0.071,0.078,0.064,0.011,0.074,0.057,0.047,0.054,0.054,0.062,0.06,0.078,0.085

>n405255
0.045,0.082,0.066,0.039,0.092,0.128,0.041,0.077,0.072,0.073,0.076,0.034,0.023,0.054,0.072,0.025

>n405299
0.039,0.06,0.072,0.044,0.065,0.09,0.048,0.075,0.087,0.071,0.092,0.046,0.024,0.057,0.083,0.048

>n405311
0.085,0.051,0.075,0.054,0.085,0.07,0.022,0.073,0.063,0.049,0.058,0.056,0.031,0.079,0.072,0.077

>n405399
0.049,0.056,0.068,0.027,0.074,0.123,0.077,0.072,0.063,0.104,0.097,0.035,0.014,0.063,0.057,0.02

>n405416
0.092,0.055,0.063,0.075,0.066,0.049,0.033,0.057,0.081,0.047,0.052,0.055,0.047,0.055,0.085,0.09

>n405417
0.112,0.058,0.067,0.086,0.061,0.04,0.016,0.064,0.072,0.038,0.036,0.041,0.077,0.046,0.067,0.119

>n405438
0.117,0.06,0.11,0.051,0.094,0.046,0.017,0.05,0.084,0.048,0.056,0.06,0.043,0.051,0.067,0.047

>n405439
0.116,0.038,0.091,0.076,0.069,0.058,0.016,0.055,0.09,0.056,0.064,0.036,0.046,0.047,0.074,0.068

>n405440
0.048,0.043,0.105,0.028,0.076,0.095,0.032,0.069,0.079,0.083,0.107,0.052,0.02,0.052,0.076,0.035

>n405453
0.099,0.047,0.073,0.058,0.058,0.073,0.037,0.068,0.073,0.054,0.06,0.048,0.048,0.062,0.065,0.077

>n405455
0.078,0.058,0.075,0.071,0.081,0.063,0.025,0.056,0.078,0.053,0.059,0.052,0.045,0.051,0.083,0.071

>n405456
0.114,0.059,0.074,0.095,0.077,0.039,0.011,0.06,0.08,0.039,0.036,0.045,0.069,0.05,0.08,0.075

>n405460
0.102,0.059,0.083,0.059,0.079,0.053,0.026,0.061,0.085,0.048,0.055,0.047,0.037,0.06,0.07,0.075

>n405468
0.103,0.053,0.078,0.067,0.06,0.057,0.024,0.068,0.085,0.053,0.058,0.045,0.053,0.045,0.082,0.069

>n405477
0.08,0.051,0.082,0.057,0.073,0.065,0.022,0.071,0.083,0.059,0.073,0.047,0.034,0.056,0.085,0.063

>n405484
0.066,0.036,0.067,0.078,0.067,0.056,0.029,0.069,0.054,0.055,0.059,0.059,0.059,0.074,0.071,0.1

>n405487
0.071,0.049,0.096,0.052,0.082,0.053,0.01,0.091,0.065,0.073,0.065,0.044,0.051,0.061,0.076,0.062

>n405504
0.112,0.052,0.084,0.062,0.076,0.048,0.015,0.066,0.071,0.05,0.061,0.049,0.051,0.055,0.07,0.079

>n405508
0.086,0.053,0.069,0.076,0.076,0.038,0.014,0.074,0.068,0.049,0.045,0.058,0.054,0.063,0.092,0.085

>n405510
0.054,0.066,0.072,0.053,0.096,0.116,0.047,0.085,0.071,0.066,0.048,0.029,0.024,0.096,0.047,0.028

>n405523
0.028,0.052,0.063,0.028,0.064,0.119,0.06,0.086,0.062,0.102,0.091,0.05,0.017,0.057,0.091,0.032

>n405556
0.087,0.056,0.068,0.055,0.061,0.074,0.033,0.074,0.066,0.06,0.064,0.044,0.051,0.052,0.069,0.085

>n405558
0.056,0.064,0.081,0.051,0.082,0.081,0.037,0.066,0.079,0.065,0.07,0.051,0.035,0.057,0.076,0.051

>n405566
0.115,0.056,0.086,0.079,0.073,0.04,0.007,0.064,0.083,0.037,0.051,0.048,0.065,0.051,0.074,0.071

>n405569
0.095,0.042,0.076,0.086,0.057,0.033,0.01,0.05,0.067,0.037,0.065,0.072,0.08,0.038,0.089,0.104

>n405576
0.11,0.046,0.076,0.064,0.067,0.072,0.005,0.09,0.084,0.051,0.041,0.031,0.035,0.066,0.086,0.076

>n405607
0.08,0.043,0.066,0.07,0.051,0.054,0.019,0.066,0.068,0.045,0.071,0.059,0.059,0.048,0.088,0.114

>n405614
0.081,0.052,0.088,0.045,0.081,0.089,0.027,0.073,0.074,0.072,0.069,0.043,0.03,0.057,0.074,0.045

>n405620
0.033,0.044,0.091,0.025,0.064,0.128,0.068,0.062,0.075,0.105,0.124,0.033,0.021,0.046,0.053,0.029

>n405621
0.119,0.056,0.079,0.087,0.07,0.032,0.012,0.056,0.082,0.034,0.043,0.048,0.069,0.048,0.073,0.092

>n405626
0.11,0.056,0.071,0.083,0.074,0.043,0.011,0.058,0.065,0.042,0.057,0.048,0.071,0.046,0.072,0.094

>n405639
0.081,0.051,0.061,0.078,0.07,0.053,0.006,0.073,0.054,0.037,0.043,0.059,0.065,0.061,0.084,0.124

>n405658
0.073,0.056,0.073,0.058,0.079,0.061,0.03,0.069,0.075,0.064,0.067,0.051,0.033,0.057,0.087,0.065

>n405660
0.05,0.046,0.094,0.029,0.075,0.081,0.036,0.08,0.076,0.089,0.101,0.047,0.019,0.055,0.082,0.04

>n405665
0.105,0.055,0.06,0.093,0.065,0.037,0.007,0.067,0.056,0.03,0.03,0.054,0.087,0.054,0.073,0.127

>n405671
0.048,0.032,0.06,0.041,0.064,0.098,0.07,0.071,0.052,0.112,0.085,0.047,0.018,0.061,0.08,0.06

>n405691
0.092,0.048,0.103,0.069,0.071,0.047,0.011,0.061,0.111,0.04,0.059,0.051,0.038,0.056,0.088,0.055

>n405702
0.061,0.064,0.086,0.043,0.094,0.083,0.047,0.067,0.082,0.083,0.07,0.04,0.017,0.06,0.073,0.03

>n405705
0.098,0.059,0.087,0.057,0.092,0.064,0.014,0.07,0.07,0.059,0.061,0.04,0.041,0.058,0.068,0.063

>n405755
0.153,0.043,0.06,0.077,0.055,0.038,0.004,0.077,0.064,0.043,0.064,0.038,0.064,0.051,0.077,0.094

>n405795
0.058,0.059,0.083,0.061,0.094,0.06,0.004,0.077,0.071,0.059,0.066,0.055,0.038,0.058,0.096,0.062

>n405862
0.03,0.054,0.071,0.029,0.081,0.106,0.025,0.092,0.054,0.084,0.124,0.05,0.019,0.06,0.092,0.03

>n405884
0.095,0.054,0.074,0.077,0.076,0.051,0.012,0.068,0.063,0.041,0.039,0.056,0.065,0.062,0.074,0.094

>n405893
0.123,0.057,0.079,0.07,0.069,0.042,0.009,0.065,0.096,0.039,0.057,0.047,0.042,0.046,0.093,0.067

>n405912
0.086,0.047,0.09,0.058,0.066,0.058,0.013,0.073,0.088,0.055,0.063,0.053,0.041,0.049,0.093,0.066

>n405951
0.059,0.066,0.086,0.053,0.096,0.07,0.022,0.075,0.078,0.073,0.082,0.037,0.031,0.054,0.081,0.036

>n405968
0.09,0.044,0.068,0.067,0.057,0.053,0.035,0.062,0.063,0.059,0.065,0.055,0.059,0.051,0.074,0.097

>n405979
0.101,0.059,0.08,0.05,0.08,0.066,0.018,0.075,0.069,0.058,0.071,0.046,0.041,0.056,0.074,0.057

>n405981
0.053,0.055,0.074,0.051,0.08,0.061,0.045,0.061,0.076,0.083,0.095,0.057,0.025,0.048,0.096,0.041

>n405982
0.056,0.056,0.078,0.051,0.083,0.058,0.046,0.059,0.076,0.085,0.093,0.055,0.026,0.047,0.092,0.041

>n405985
0.114,0.047,0.083,0.072,0.064,0.055,0.014,0.069,0.087,0.043,0.051,0.038,0.052,0.057,0.07,0.085

>n405990
0.098,0.05,0.065,0.083,0.062,0.034,0.018,0.065,0.063,0.047,0.054,0.051,0.072,0.048,0.078,0.112

>n405993
0.065,0.055,0.088,0.038,0.091,0.087,0.042,0.062,0.058,0.088,0.068,0.053,0.032,0.053,0.068,0.052

>n406117
0.058,0.05,0.081,0.056,0.074,0.069,0.022,0.083,0.081,0.066,0.059,0.048,0.032,0.063,0.093,0.065

>n406126
0.088,0.062,0.09,0.054,0.096,0.081,0.014,0.074,0.072,0.055,0.057,0.035,0.037,0.068,0.058,0.058

>n406127
0.123,0.063,0.078,0.082,0.086,0.046,0.008,0.053,0.086,0.03,0.053,0.045,0.05,0.055,0.075,0.068

>n406134
0.131,0.052,0.067,0.077,0.062,0.037,0.012,0.059,0.066,0.033,0.041,0.054,0.069,0.049,0.073,0.118

>n406138
0.071,0.055,0.064,0.061,0.075,0.068,0.026,0.077,0.061,0.061,0.063,0.049,0.045,0.061,0.081,0.081

>n406144
0.091,0.041,0.076,0.075,0.067,0.046,0.012,0.064,0.067,0.043,0.057,0.054,0.058,0.06,0.075,0.114

>n406145
0.08,0.062,0.089,0.055,0.079,0.057,0.028,0.073,0.09,0.062,0.064,0.045,0.037,0.055,0.08,0.043

>n406154
0.03,0.047,0.091,0.024,0.082,0.117,0.054,0.071,0.068,0.112,0.12,0.033,0.013,0.049,0.067,0.022

>n406187
0.084,0.052,0.077,0.056,0.074,0.078,0.019,0.078,0.076,0.058,0.065,0.046,0.035,0.062,0.083,0.056

>n406191
0.064,0.059,0.074,0.043,0.066,0.082,0.041,0.078,0.077,0.058,0.071,0.055,0.033,0.068,0.074,0.057

>n406192
0.071,0.046,0.072,0.051,0.054,0.072,0.047,0.079,0.08,0.064,0.076,0.046,0.036,0.07,0.07,0.064

>n406194
0.069,0.044,0.068,0.058,0.063,0.054,0.042,0.06,0.065,0.07,0.088,0.064,0.043,0.05,0.089,0.073

>n406195
0.078,0.052,0.087,0.051,0.075,0.07,0.014,0.077,0.076,0.052,0.074,0.049,0.04,0.063,0.075,0.067

>n406198
0.039,0.055,0.097,0.026,0.082,0.099,0.045,0.072,0.077,0.094,0.109,0.037,0.018,0.05,0.067,0.031

>n406201
0.062,0.056,0.072,0.052,0.07,0.068,0.019,0.097,0.073,0.067,0.072,0.048,0.037,0.062,0.097,0.049

>n406202
0.082,0.05,0.071,0.056,0.073,0.07,0.02,0.078,0.064,0.058,0.062,0.054,0.04,0.063,0.084,0.072

>n406225
0.101,0.043,0.066,0.074,0.071,0.053,0.025,0.053,0.06,0.056,0.058,0.068,0.054,0.049,0.092,0.077

>n406246
0.111,0.056,0.074,0.087,0.087,0.033,0.011,0.052,0.074,0.034,0.043,0.055,0.056,0.061,0.077,0.089

>n406247
0.05,0.054,0.072,0.043,0.077,0.092,0.053,0.07,0.07,0.096,0.086,0.043,0.023,0.051,0.082,0.037

>n406266
0.085,0.051,0.078,0.062,0.086,0.071,0.012,0.076,0.065,0.054,0.044,0.048,0.04,0.07,0.076,0.082

>n406274
0.052,0.04,0.073,0.057,0.075,0.076,0.016,0.09,0.054,0.061,0.066,0.048,0.041,0.079,0.075,0.097

>n406277
0.08,0.078,0.069,0.053,0.089,0.06,0.036,0.071,0.06,0.062,0.051,0.056,0.053,0.056,0.073,0.053

>n406287
0.116,0.056,0.083,0.071,0.086,0.048,0.006,0.066,0.079,0.043,0.05,0.041,0.045,0.06,0.073,0.076

>n406296
0.063,0.051,0.069,0.065,0.074,0.068,0.021,0.067,0.069,0.055,0.074,0.055,0.042,0.057,0.088,0.081

>n406299
0.134,0.068,0.078,0.077,0.078,0.061,0.006,0.066,0.077,0.037,0.037,0.039,0.069,0.044,0.07,0.061

>n406300
0.126,0.048,0.062,0.089,0.062,0.031,0.012,0.062,0.068,0.031,0.045,0.049,0.069,0.056,0.074,0.115

>n406301
0.116,0.048,0.057,0.091,0.063,0.042,0.013,0.073,0.052,0.043,0.042,0.044,0.081,0.057,0.07,0.106

>n406328
0.073,0.052,0.088,0.051,0.07,0.069,0.015,0.077,0.09,0.055,0.08,0.04,0.032,0.056,0.081,0.07

>n406336
0.062,0.065,0.062,0.056,0.084,0.087,0.018,0.078,0.063,0.052,0.054,0.056,0.037,0.062,0.091,0.073

>n406346
0.09,0.047,0.076,0.071,0.075,0.053,0.014,0.069,0.063,0.048,0.053,0.055,0.055,0.063,0.077,0.091

>n406370
0.04,0.054,0.093,0.038,0.093,0.09,0.021,0.077,0.074,0.077,0.092,0.05,0.017,0.06,0.087,0.038

>n406404
0.068,0.055,0.075,0.04,0.087,0.085,0.03,0.074,0.053,0.076,0.072,0.051,0.03,0.061,0.075,0.066

>n406409
0.106,0.053,0.047,0.075,0.057,0.053,0.035,0.061,0.065,0.047,0.067,0.063,0.055,0.051,0.094,0.071

>n406416
0.138,0.039,0.069,0.085,0.061,0.041,0.012,0.059,0.062,0.033,0.039,0.057,0.072,0.059,0.069,0.106

>n406422
0.059,0.049,0.078,0.041,0.071,0.088,0.022,0.092,0.063,0.075,0.075,0.046,0.035,0.06,0.084,0.061

>n406428
0.084,0.049,0.071,0.067,0.077,0.055,0.024,0.068,0.067,0.066,0.059,0.052,0.045,0.054,0.089,0.073

>n406442
0.096,0.05,0.081,0.053,0.071,0.071,0.008,0.072,0.074,0.05,0.058,0.051,0.039,0.05,0.087,0.088

>n406444
0.039,0.044,0.08,0.027,0.059,0.077,0.045,0.076,0.067,0.082,0.099,0.062,0.026,0.053,0.086,0.078

>n406449
0.056,0.04,0.077,0.051,0.073,0.067,0.034,0.078,0.064,0.072,0.079,0.052,0.031,0.073,0.078,0.077

>n406474
0.069,0.05,0.093,0.051,0.08,0.071,0.026,0.071,0.075,0.079,0.074,0.042,0.039,0.049,0.077,0.054

>n406475
0.067,0.065,0.064,0.062,0.078,0.089,0.024,0.068,0.054,0.058,0.085,0.045,0.058,0.048,0.07,0.064

>n406478
0.097,0.049,0.079,0.068,0.076,0.055,0.009,0.071,0.07,0.048,0.063,0.049,0.051,0.059,0.078,0.078

>n406480
0.092,0.052,0.086,0.075,0.083,0.047,0.006,0.064,0.075,0.039,0.049,0.053,0.054,0.062,0.075,0.088

>n406488
0.075,0.058,0.071,0.06,0.075,0.072,0.018,0.072,0.059,0.049,0.069,0.05,0.055,0.058,0.069,0.089

>n406512
0.047,0.044,0.092,0.023,0.076,0.115,0.046,0.077,0.07,0.098,0.102,0.038,0.012,0.057,0.069,0.034

>n406515
0.101,0.056,0.065,0.064,0.075,0.06,0.029,0.064,0.073,0.048,0.046,0.055,0.036,0.064,0.082,0.081

>n406543
0.092,0.051,0.068,0.08,0.071,0.043,0.01,0.071,0.058,0.037,0.042,0.056,0.069,0.065,0.074,0.114

>n406566
0.092,0.048,0.114,0.04,0.091,0.073,0.017,0.064,0.085,0.068,0.082,0.042,0.025,0.056,0.064,0.038

>n406569
0.04,0.053,0.102,0.026,0.086,0.109,0.036,0.073,0.081,0.095,0.107,0.036,0.013,0.048,0.074,0.022

>n406598
0.054,0.055,0.082,0.041,0.082,0.081,0.022,0.085,0.065,0.069,0.084,0.053,0.031,0.065,0.083,0.048

>n406604
0.069,0.055,0.088,0.05,0.088,0.065,0.017,0.075,0.068,0.066,0.068,0.052,0.037,0.059,0.082,0.061

>n406605
0.068,0.054,0.099,0.049,0.087,0.059,0.016,0.07,0.081,0.063,0.078,0.051,0.033,0.056,0.08,0.054

>n406782
0.076,0.059,0.074,0.044,0.064,0.075,0.038,0.077,0.065,0.065,0.066,0.049,0.047,0.056,0.067,0.077

>n406795
0.056,0.065,0.07,0.037,0.07,0.097,0.038,0.081,0.077,0.056,0.088,0.046,0.026,0.066,0.072,0.053

>n406796
0.06,0.062,0.079,0.04,0.095,0.093,0.033,0.076,0.061,0.077,0.075,0.044,0.024,0.065,0.071,0.045

>n406816
0.066,0.065,0.073,0.039,0.095,0.096,0.033,0.078,0.058,0.078,0.077,0.039,0.024,0.063,0.069,0.048

>n406833
0.058,0.057,0.069,0.053,0.081,0.081,0.034,0.066,0.071,0.068,0.089,0.054,0.028,0.056,0.09,0.044

>n406847
0.058,0.039,0.071,0.05,0.056,0.097,0.046,0.069,0.065,0.058,0.074,0.062,0.039,0.074,0.068,0.074

>n406866
0.072,0.052,0.073,0.046,0.071,0.086,0.035,0.079,0.067,0.063,0.077,0.048,0.032,0.07,0.071,0.057

>n406872
0.034,0.046,0.056,0.028,0.068,0.081,0.107,0.05,0.049,0.122,0.132,0.054,0.014,0.057,0.061,0.039

>n406883
0.049,0.045,0.076,0.037,0.083,0.107,0.023,0.088,0.048,0.079,0.088,0.046,0.027,0.07,0.074,0.059

>n406889
0.05,0.044,0.09,0.034,0.074,0.089,0.035,0.08,0.076,0.084,0.09,0.047,0.018,0.06,0.083,0.044

>n406899
0.098,0.042,0.073,0.087,0.063,0.041,0.017,0.068,0.064,0.044,0.04,0.059,0.075,0.062,0.076,0.092

>n406900
0.04,0.05,0.078,0.043,0.067,0.079,0.055,0.075,0.07,0.099,0.094,0.042,0.035,0.048,0.077,0.05

>n406914
0.068,0.052,0.077,0.044,0.066,0.073,0.051,0.067,0.06,0.076,0.082,0.05,0.047,0.056,0.058,0.072

>n406926
0.039,0.045,0.097,0.029,0.068,0.114,0.082,0.053,0.08,0.112,0.106,0.029,0.024,0.044,0.042,0.035

>n406931
0.048,0.051,0.075,0.05,0.061,0.082,0.04,0.08,0.067,0.068,0.088,0.052,0.049,0.061,0.072,0.055

>n406939
0.059,0.04,0.067,0.055,0.073,0.07,0.02,0.08,0.056,0.059,0.085,0.051,0.033,0.074,0.078,0.101

>n406952
0.043,0.054,0.085,0.038,0.084,0.098,0.033,0.073,0.071,0.073,0.08,0.053,0.023,0.062,0.079,0.05

>n406964
0.074,0.054,0.087,0.048,0.08,0.08,0.024,0.074,0.073,0.068,0.095,0.041,0.036,0.055,0.072,0.04

>n406992
0.088,0.041,0.087,0.052,0.057,0.072,0.045,0.056,0.077,0.072,0.08,0.05,0.045,0.045,0.068,0.067

>n407027
0.095,0.053,0.075,0.068,0.078,0.05,0.017,0.07,0.058,0.059,0.056,0.046,0.06,0.052,0.071,0.091

>n407046
0.095,0.049,0.086,0.049,0.084,0.068,0.023,0.063,0.074,0.067,0.079,0.044,0.026,0.054,0.074,0.065

>n407050
0.046,0.035,0.06,0.039,0.052,0.097,0.048,0.081,0.059,0.099,0.118,0.046,0.025,0.044,0.096,0.056

>n407062
0.104,0.051,0.068,0.068,0.072,0.054,0.021,0.067,0.056,0.05,0.042,0.052,0.059,0.059,0.069,0.106

>n407071
0.115,0.052,0.084,0.078,0.077,0.042,0.007,0.057,0.073,0.034,0.045,0.058,0.065,0.056,0.073,0.085

>n407073
0.089,0.047,0.084,0.06,0.063,0.068,0.036,0.06,0.069,0.063,0.061,0.055,0.059,0.049,0.067,0.07

>n407098
0.048,0.049,0.075,0.033,0.063,0.094,0.05,0.084,0.062,0.087,0.068,0.052,0.031,0.061,0.077,0.065

>n407108
0.075,0.035,0.056,0.086,0.065,0.052,0.032,0.059,0.063,0.058,0.063,0.054,0.047,0.063,0.088,0.106

>n407114
0.083,0.043,0.076,0.066,0.073,0.064,0.009,0.077,0.057,0.049,0.053,0.054,0.055,0.067,0.075,0.099

>n407125
0.063,0.048,0.062,0.06,0.077,0.07,0.024,0.087,0.048,0.065,0.059,0.049,0.044,0.074,0.077,0.093

>n407138
0.088,0.051,0.069,0.065,0.067,0.054,0.024,0.069,0.057,0.059,0.059,0.053,0.062,0.05,0.075,0.097

>n407159
0.096,0.051,0.079,0.064,0.069,0.045,0.023,0.064,0.074,0.054,0.067,0.055,0.05,0.052,0.08,0.075

>n407161
0.109,0.069,0.113,0.064,0.087,0.028,0.012,0.059,0.113,0.043,0.052,0.04,0.045,0.045,0.073,0.049

>n407163
0.034,0.047,0.06,0.049,0.065,0.127,0.045,0.081,0.07,0.068,0.104,0.032,0.021,0.075,0.066,0.055

>n407173
0.078,0.051,0.081,0.061,0.079,0.065,0.017,0.07,0.074,0.054,0.058,0.056,0.04,0.063,0.085,0.069

>n407180
0.093,0.046,0.071,0.074,0.064,0.042,0.014,0.069,0.066,0.045,0.047,0.059,0.061,0.056,0.085,0.107

>n407195
0.127,0.05,0.072,0.083,0.055,0.03,0.013,0.057,0.07,0.035,0.047,0.055,0.081,0.04,0.073,0.111

>n407210
0.049,0.05,0.066,0.04,0.072,0.088,0.059,0.071,0.063,0.091,0.123,0.041,0.022,0.061,0.069,0.035

>n407211
0.047,0.046,0.087,0.039,0.073,0.069,0.022,0.083,0.066,0.072,0.099,0.057,0.034,0.059,0.086,0.062

>n407249
0.09,0.064,0.081,0.028,0.074,0.094,0.04,0.074,0.075,0.075,0.081,0.043,0.026,0.046,0.072,0.037

>n407257
0.077,0.05,0.071,0.057,0.071,0.068,0.03,0.071,0.061,0.065,0.066,0.054,0.046,0.057,0.079,0.077

>n407283
0.082,0.048,0.093,0.054,0.072,0.057,0.011,0.07,0.08,0.055,0.079,0.055,0.043,0.049,0.087,0.066

>n407311
0.118,0.051,0.062,0.091,0.063,0.034,0.009,0.063,0.055,0.034,0.045,0.051,0.086,0.049,0.07,0.118

>n407312
0.064,0.044,0.077,0.049,0.078,0.071,0.018,0.073,0.062,0.061,0.072,0.064,0.03,0.064,0.091,0.083

>n407337
0.044,0.046,0.077,0.042,0.077,0.086,0.02,0.081,0.064,0.071,0.108,0.058,0.025,0.06,0.096,0.045

>n407346
0.071,0.061,0.063,0.058,0.084,0.059,0.014,0.093,0.055,0.059,0.061,0.046,0.043,0.071,0.082,0.079

>n407372
0.089,0.057,0.074,0.055,0.088,0.056,0.005,0.091,0.068,0.062,0.062,0.044,0.031,0.065,0.095,0.059

>n407383
0.074,0.043,0.077,0.053,0.061,0.07,0.042,0.069,0.071,0.066,0.079,0.052,0.041,0.064,0.07,0.067

>n407400
0.056,0.052,0.088,0.03,0.082,0.083,0.038,0.074,0.067,0.083,0.113,0.046,0.021,0.059,0.07,0.039

>n407410
0.053,0.04,0.056,0.042,0.049,0.085,0.051,0.083,0.049,0.078,0.074,0.062,0.041,0.064,0.082,0.091

>n407412
0.103,0.056,0.08,0.091,0.081,0.042,0.012,0.055,0.09,0.031,0.051,0.05,0.056,0.062,0.079,0.063

>n407413
0.074,0.056,0.072,0.052,0.079,0.06,0.036,0.08,0.069,0.069,0.078,0.042,0.032,0.069,0.073,0.059

>n407433
0.088,0.057,0.066,0.067,0.071,0.06,0.012,0.085,0.064,0.059,0.058,0.044,0.054,0.051,0.09,0.074

>n407434
0.094,0.042,0.068,0.071,0.058,0.048,0.021,0.066,0.057,0.045,0.057,0.062,0.067,0.058,0.075,0.112

>n407441
0.069,0.055,0.08,0.049,0.074,0.086,0.039,0.071,0.072,0.069,0.077,0.042,0.038,0.06,0.063,0.056

>n407442
0.057,0.041,0.081,0.039,0.07,0.098,0.014,0.088,0.063,0.076,0.102,0.048,0.029,0.056,0.091,0.049

>n407444
0.048,0.052,0.083,0.034,0.076,0.112,0.05,0.07,0.073,0.088,0.098,0.042,0.02,0.055,0.069,0.03

>n407447
0.126,0.054,0.068,0.065,0.074,0.057,0.02,0.068,0.056,0.055,0.051,0.051,0.057,0.053,0.073,0.07

>n407464
0.059,0.071,0.086,0.047,0.101,0.093,0.026,0.07,0.071,0.063,0.061,0.048,0.032,0.063,0.07,0.039

>n407465
0.042,0.054,0.072,0.033,0.082,0.102,0.04,0.086,0.055,0.089,0.078,0.048,0.021,0.065,0.08,0.054

>n407466
0.091,0.039,0.069,0.064,0.059,0.041,0.024,0.058,0.067,0.05,0.07,0.076,0.046,0.052,0.1,0.094

>n407473
0.054,0.054,0.07,0.053,0.072,0.079,0.019,0.084,0.074,0.059,0.081,0.055,0.032,0.062,0.098,0.056

>n407500
0.033,0.056,0.072,0.025,0.088,0.117,0.03,0.08,0.051,0.082,0.114,0.054,0.014,0.059,0.085,0.041

>n407502
0.089,0.048,0.074,0.074,0.079,0.055,0.009,0.069,0.059,0.046,0.06,0.053,0.058,0.063,0.075,0.09

>n407513
0.076,0.049,0.078,0.051,0.077,0.082,0.019,0.081,0.072,0.062,0.065,0.052,0.029,0.066,0.089,0.05

>n407520
0.066,0.052,0.076,0.045,0.062,0.07,0.032,0.078,0.06,0.06,0.071,0.053,0.051,0.06,0.066,0.098

>n407534
0.12,0.052,0.07,0.066,0.082,0.052,0.014,0.065,0.061,0.048,0.053,0.048,0.046,0.061,0.072,0.089

>n407550
0.08,0.053,0.075,0.071,0.081,0.071,0.022,0.06,0.071,0.056,0.07,0.046,0.047,0.054,0.076,0.067

>n407553
0.097,0.055,0.083,0.05,0.077,0.094,0.048,0.044,0.072,0.071,0.072,0.04,0.038,0.043,0.052,0.063

>n407565
0.044,0.043,0.066,0.029,0.052,0.127,0.078,0.072,0.059,0.089,0.092,0.051,0.027,0.07,0.055,0.044

>n407566
0.085,0.054,0.111,0.047,0.084,0.057,0.022,0.058,0.094,0.07,0.075,0.042,0.034,0.04,0.073,0.052

>n407568
0.104,0.05,0.076,0.091,0.072,0.043,0.009,0.069,0.071,0.039,0.042,0.041,0.074,0.061,0.066,0.091

>n407569
0.075,0.051,0.09,0.047,0.086,0.068,0.027,0.063,0.072,0.069,0.08,0.053,0.03,0.055,0.078,0.055

>n407573
0.029,0.046,0.085,0.024,0.073,0.124,0.032,0.088,0.064,0.087,0.115,0.047,0.017,0.06,0.082,0.027

>n407574
0.084,0.05,0.073,0.067,0.07,0.065,0.023,0.064,0.071,0.05,0.065,0.042,0.05,0.056,0.067,0.103

>n407588
0.05,0.061,0.072,0.04,0.082,0.087,0.047,0.074,0.062,0.078,0.087,0.047,0.029,0.065,0.068,0.052

>n407602
0.122,0.052,0.085,0.072,0.076,0.037,0.026,0.058,0.08,0.058,0.062,0.031,0.054,0.05,0.058,0.08

>n407659
0.046,0.05,0.078,0.031,0.082,0.109,0.042,0.082,0.064,0.085,0.093,0.045,0.013,0.072,0.073,0.035

>n407661
0.106,0.059,0.064,0.081,0.07,0.043,0.007,0.072,0.06,0.035,0.042,0.048,0.074,0.055,0.073,0.111

>n407669
0.088,0.053,0.069,0.065,0.075,0.06,0.024,0.071,0.061,0.056,0.058,0.04,0.051,0.062,0.063,0.104

>n407685
0.078,0.051,0.067,0.066,0.068,0.049,0.028,0.075,0.066,0.056,0.054,0.058,0.051,0.063,0.086,0.086

>n407687
0.063,0.066,0.069,0.045,0.082,0.08,0.037,0.077,0.065,0.067,0.086,0.048,0.033,0.063,0.074,0.044

>n407707
0.059,0.049,0.092,0.036,0.084,0.106,0.028,0.071,0.071,0.08,0.093,0.04,0.022,0.055,0.071,0.042

>n407721
0.073,0.052,0.05,0.094,0.067,0.053,0.015,0.068,0.042,0.044,0.044,0.061,0.087,0.055,0.081,0.112

>n407729
0.069,0.054,0.084,0.063,0.079,0.07,0.016,0.077,0.082,0.056,0.061,0.043,0.04,0.062,0.081,0.061

>n407749
0.105,0.043,0.068,0.078,0.055,0.035,0.011,0.066,0.067,0.043,0.058,0.056,0.067,0.047,0.086,0.115

>n407761
0.092,0.055,0.06,0.075,0.059,0.054,0.027,0.073,0.065,0.054,0.048,0.046,0.067,0.051,0.078,0.096

>n407766
0.064,0.065,0.08,0.024,0.087,0.104,0.056,0.065,0.062,0.095,0.114,0.035,0.02,0.048,0.057,0.025

>n407771
0.053,0.04,0.072,0.045,0.066,0.084,0.052,0.074,0.054,0.094,0.091,0.044,0.037,0.057,0.069,0.07

>n407775
0.039,0.044,0.086,0.03,0.08,0.094,0.041,0.079,0.063,0.1,0.107,0.04,0.017,0.057,0.076,0.046

>n407851
0.071,0.066,0.077,0.043,0.093,0.088,0.02,0.083,0.057,0.068,0.068,0.043,0.036,0.061,0.071,0.055

>n407852
0.097,0.046,0.088,0.068,0.072,0.047,0.014,0.061,0.075,0.052,0.058,0.054,0.055,0.049,0.078,0.084

>n407854
0.089,0.047,0.092,0.058,0.074,0.054,0.024,0.063,0.08,0.061,0.069,0.051,0.043,0.053,0.076,0.067

>n407887
0.084,0.045,0.074,0.077,0.054,0.043,0.021,0.056,0.065,0.042,0.064,0.07,0.077,0.043,0.083,0.101

>n407918
0.037,0.044,0.074,0.019,0.059,0.125,0.086,0.066,0.065,0.113,0.119,0.038,0.014,0.054,0.055,0.032

>n407922
0.089,0.048,0.076,0.064,0.081,0.06,0.015,0.069,0.06,0.053,0.07,0.049,0.048,0.063,0.071,0.084

>n407936
0.115,0.045,0.083,0.082,0.068,0.035,0.008,0.062,0.076,0.035,0.036,0.058,0.067,0.058,0.077,0.095

>n407937
0.057,0.049,0.099,0.038,0.07,0.072,0.048,0.064,0.091,0.077,0.074,0.054,0.026,0.055,0.074,0.051

>n407963
0.069,0.046,0.091,0.059,0.078,0.061,0.021,0.065,0.071,0.056,0.079,0.057,0.047,0.061,0.073,0.066

>n407992
0.079,0.048,0.073,0.061,0.069,0.062,0.023,0.076,0.068,0.051,0.064,0.049,0.045,0.069,0.072,0.091

>n408014
0.054,0.036,0.077,0.05,0.062,0.08,0.021,0.082,0.069,0.063,0.081,0.062,0.031,0.066,0.097,0.067

>n408016
0.072,0.056,0.072,0.052,0.072,0.075,0.023,0.088,0.071,0.046,0.058,0.056,0.037,0.08,0.079,0.064

>n408020
0.098,0.049,0.079,0.065,0.07,0.058,0.011,0.07,0.071,0.042,0.057,0.053,0.052,0.06,0.076,0.089

>n408024
0.09,0.048,0.074,0.07,0.06,0.043,0.025,0.069,0.079,0.05,0.055,0.058,0.054,0.055,0.088,0.083

>n408032
0.081,0.053,0.085,0.053,0.075,0.068,0.015,0.077,0.085,0.052,0.071,0.048,0.031,0.062,0.085,0.058

>n408051
0.095,0.05,0.065,0.094,0.061,0.03,0.018,0.053,0.073,0.032,0.037,0.057,0.075,0.051,0.078,0.131

>n408055
0.108,0.047,0.07,0.088,0.071,0.045,0.006,0.062,0.061,0.037,0.039,0.053,0.073,0.055,0.074,0.112

>n408071
0.07,0.052,0.093,0.055,0.088,0.063,0.021,0.061,0.076,0.051,0.065,0.058,0.038,0.066,0.07,0.072

>n408075
0.068,0.047,0.086,0.052,0.061,0.058,0.032,0.078,0.075,0.064,0.069,0.052,0.05,0.059,0.074,0.075

>n408108
0.073,0.054,0.074,0.048,0.077,0.092,0.025,0.085,0.065,0.061,0.069,0.046,0.035,0.072,0.072,0.052

>n408116
0.071,0.048,0.083,0.055,0.071,0.064,0.022,0.069,0.071,0.061,0.07,0.058,0.044,0.053,0.084,0.076

>n408119
0.061,0.041,0.087,0.04,0.066,0.073,0.036,0.073,0.069,0.079,0.08,0.055,0.032,0.055,0.081,0.073

>n408123
0.051,0.043,0.087,0.043,0.065,0.079,0.049,0.061,0.079,0.079,0.106,0.054,0.03,0.053,0.075,0.047

>n408131
0.098,0.054,0.088,0.069,0.072,0.051,0.011,0.067,0.081,0.038,0.054,0.052,0.058,0.058,0.072,0.079

>n408146
0.062,0.053,0.084,0.045,0.069,0.075,0.022,0.077,0.074,0.057,0.085,0.055,0.039,0.058,0.079,0.068

>n408176
0.067,0.044,0.077,0.048,0.057,0.08,0.059,0.053,0.065,0.074,0.095,0.059,0.047,0.051,0.062,0.064

>n408189
0.049,0.048,0.068,0.034,0.06,0.125,0.078,0.067,0.058,0.089,0.083,0.044,0.032,0.068,0.045,0.054

>n408191
0.033,0.038,0.071,0.033,0.07,0.083,0.03,0.097,0.054,0.066,0.094,0.068,0.021,0.092,0.087,0.063

>n408200
0.056,0.052,0.052,0.101,0.078,0.056,0.009,0.05,0.041,0.032,0.038,0.052,0.084,0.053,0.064,0.18

>n408211
0.142,0.045,0.056,0.102,0.053,0.027,0.005,0.07,0.056,0.035,0.043,0.045,0.094,0.048,0.075,0.104

>n408220
0.095,0.052,0.084,0.066,0.072,0.048,0.03,0.054,0.08,0.056,0.07,0.054,0.05,0.047,0.076,0.067

>n408221
0.054,0.041,0.063,0.032,0.06,0.081,0.077,0.089,0.055,0.106,0.098,0.04,0.023,0.079,0.06,0.044

>n408239
0.033,0.056,0.072,0.028,0.083,0.146,0.039,0.096,0.059,0.077,0.077,0.038,0.014,0.085,0.062,0.035

>n408241
0.077,0.044,0.067,0.06,0.052,0.056,0.043,0.064,0.064,0.06,0.077,0.06,0.055,0.056,0.073,0.091

>n408255
0.044,0.052,0.068,0.034,0.082,0.116,0.048,0.079,0.058,0.09,0.088,0.047,0.014,0.067,0.079,0.033

>n408277
0.16,0.064,0.066,0.098,0.078,0.035,0.005,0.055,0.086,0.023,0.036,0.023,0.065,0.051,0.061,0.092

>n408292
0.074,0.042,0.083,0.055,0.068,0.082,0.019,0.073,0.071,0.058,0.072,0.054,0.041,0.059,0.081,0.068

>n408302
0.098,0.056,0.065,0.058,0.072,0.074,0.036,0.065,0.061,0.054,0.078,0.051,0.045,0.063,0.065,0.058

>n408309
0.067,0.042,0.056,0.063,0.058,0.065,0.031,0.082,0.047,0.064,0.061,0.058,0.055,0.064,0.084,0.103

>n408324
0.096,0.055,0.079,0.066,0.079,0.044,0.024,0.064,0.089,0.05,0.06,0.045,0.032,0.062,0.081,0.074

>n408331
0.066,0.058,0.085,0.056,0.094,0.087,0.027,0.064,0.075,0.072,0.065,0.047,0.031,0.055,0.081,0.038

>n408335
0.1,0.05,0.076,0.062,0.064,0.046,0.016,0.071,0.07,0.051,0.053,0.056,0.054,0.049,0.086,0.096

>n408340
0.042,0.044,0.065,0.027,0.052,0.103,0.08,0.08,0.055,0.105,0.097,0.042,0.03,0.063,0.056,0.058

>n408342
0.061,0.048,0.079,0.041,0.065,0.084,0.071,0.055,0.071,0.087,0.102,0.045,0.032,0.056,0.053,0.049

>n408349
0.082,0.054,0.072,0.075,0.079,0.049,0.014,0.072,0.07,0.052,0.047,0.05,0.052,0.059,0.086,0.086

>n408353
0.122,0.048,0.081,0.076,0.062,0.036,0.015,0.054,0.074,0.04,0.054,0.054,0.07,0.041,0.073,0.101

>n408354
0.125,0.044,0.081,0.076,0.058,0.032,0.014,0.056,0.073,0.039,0.054,0.053,0.07,0.043,0.071,0.111

