>n378390
0.088,0.058,0.077,0.058,0.081,0.086,0.011,0.081,0.064,0.047,0.058,0.049,0.049,0.067,0.071,0.056

>n378414
0.096,0.052,0.07,0.071,0.054,0.057,0.024,0.076,0.064,0.053,0.063,0.044,0.074,0.05,0.068,0.084

>n378431
0.104,0.052,0.076,0.039,0.061,0.053,0.039,0.075,0.073,0.069,0.072,0.05,0.034,0.053,0.077,0.074

>n378478
0.108,0.044,0.071,0.082,0.064,0.043,0.014,0.061,0.067,0.046,0.058,0.047,0.067,0.048,0.074,0.107

>n378490
0.064,0.05,0.07,0.07,0.086,0.063,0.012,0.078,0.052,0.058,0.044,0.062,0.052,0.068,0.09,0.083

>n378503
0.079,0.047,0.064,0.087,0.072,0.048,0.011,0.071,0.062,0.04,0.046,0.045,0.065,0.065,0.072,0.125

>n378507
0.074,0.034,0.082,0.064,0.057,0.048,0.012,0.077,0.094,0.049,0.111,0.053,0.029,0.063,0.101,0.052

>n378509
0.108,0.05,0.084,0.054,0.067,0.043,0.022,0.059,0.072,0.057,0.075,0.061,0.051,0.042,0.082,0.074

>n378515
0.024,0.043,0.057,0.021,0.061,0.113,0.071,0.083,0.048,0.09,0.102,0.068,0.011,0.082,0.078,0.049

>n378517
0.083,0.053,0.076,0.069,0.08,0.053,0.005,0.082,0.063,0.042,0.044,0.054,0.055,0.071,0.079,0.089

>n378520
0.116,0.053,0.07,0.068,0.054,0.033,0.027,0.074,0.067,0.048,0.039,0.062,0.07,0.054,0.079,0.085

>n378555
0.082,0.04,0.061,0.085,0.063,0.043,0.02,0.059,0.063,0.047,0.064,0.053,0.059,0.055,0.083,0.121

>n378567
0.108,0.047,0.06,0.093,0.046,0.044,0.017,0.064,0.062,0.028,0.035,0.051,0.093,0.052,0.063,0.135

>n378572
0.102,0.042,0.055,0.092,0.06,0.044,0.009,0.068,0.051,0.032,0.044,0.052,0.079,0.062,0.071,0.136

>n378603
0.059,0.048,0.071,0.067,0.077,0.07,0.009,0.077,0.062,0.048,0.059,0.055,0.047,0.066,0.085,0.101

>n378619
0.052,0.043,0.061,0.055,0.065,0.081,0.04,0.086,0.051,0.075,0.073,0.044,0.043,0.074,0.068,0.089

>n378631
0.046,0.026,0.082,0.042,0.059,0.101,0.092,0.042,0.082,0.095,0.118,0.049,0.01,0.072,0.052,0.033

>n378699
0.098,0.043,0.087,0.062,0.069,0.055,0.015,0.073,0.078,0.047,0.069,0.052,0.047,0.065,0.075,0.065

>n378710
0.073,0.049,0.065,0.073,0.073,0.058,0.006,0.075,0.052,0.043,0.056,0.063,0.062,0.063,0.086,0.104

>n378714
0.037,0.043,0.064,0.041,0.069,0.099,0.047,0.082,0.059,0.09,0.078,0.041,0.02,0.066,0.079,0.086

>n378721
0.053,0.05,0.089,0.029,0.081,0.074,0.034,0.069,0.069,0.082,0.113,0.061,0.018,0.051,0.09,0.036

>n378726
0.056,0.051,0.077,0.043,0.079,0.074,0.041,0.078,0.078,0.087,0.066,0.035,0.014,0.059,0.082,0.08

>n378741
0.074,0.05,0.052,0.078,0.073,0.057,0.009,0.086,0.049,0.046,0.04,0.044,0.059,0.072,0.077,0.133

>n378749
0.064,0.055,0.081,0.046,0.076,0.06,0.048,0.059,0.073,0.068,0.102,0.055,0.033,0.059,0.068,0.052

>n378782
0.097,0.052,0.058,0.064,0.059,0.059,0.033,0.065,0.052,0.052,0.06,0.053,0.063,0.053,0.067,0.112

>n378795
0.04,0.044,0.083,0.044,0.084,0.078,0.035,0.082,0.063,0.082,0.086,0.052,0.022,0.075,0.08,0.048

>n378803
0.065,0.045,0.066,0.071,0.072,0.061,0.012,0.08,0.054,0.054,0.051,0.047,0.055,0.066,0.077,0.123

>n378840
0.052,0.043,0.078,0.039,0.074,0.092,0.033,0.075,0.055,0.081,0.088,0.057,0.032,0.059,0.081,0.061

>n378843
0.086,0.054,0.071,0.074,0.078,0.045,0.017,0.062,0.065,0.045,0.062,0.052,0.055,0.059,0.075,0.099

>n378866
0.056,0.048,0.061,0.055,0.068,0.072,0.019,0.089,0.054,0.049,0.057,0.058,0.043,0.079,0.081,0.112

>n378880
0.112,0.046,0.101,0.061,0.073,0.043,0.017,0.059,0.081,0.053,0.068,0.055,0.055,0.049,0.072,0.056

>n378912
0.106,0.048,0.06,0.085,0.066,0.056,0.012,0.075,0.051,0.04,0.039,0.049,0.076,0.064,0.068,0.103

>n378914
0.078,0.05,0.081,0.059,0.064,0.064,0.03,0.075,0.07,0.063,0.065,0.047,0.055,0.057,0.068,0.077

>n378945
0.068,0.05,0.074,0.061,0.064,0.062,0.021,0.083,0.069,0.053,0.059,0.05,0.051,0.065,0.078,0.092

>n379023
0.094,0.06,0.075,0.043,0.075,0.063,0.037,0.068,0.068,0.072,0.063,0.046,0.035,0.048,0.074,0.077

>n379043
0.063,0.052,0.082,0.03,0.082,0.092,0.024,0.084,0.059,0.073,0.084,0.048,0.023,0.065,0.074,0.063

>n379095
0.131,0.049,0.071,0.075,0.063,0.044,0.003,0.069,0.083,0.035,0.041,0.043,0.05,0.051,0.086,0.105

>n379098
0.109,0.048,0.077,0.077,0.074,0.048,0.008,0.074,0.06,0.046,0.039,0.05,0.067,0.063,0.071,0.088

>n379107
0.083,0.044,0.087,0.063,0.074,0.069,0.017,0.063,0.078,0.06,0.053,0.056,0.043,0.051,0.089,0.071

>n379110
0.053,0.047,0.088,0.03,0.076,0.092,0.04,0.076,0.07,0.087,0.097,0.045,0.02,0.058,0.074,0.044

>n379114
0.063,0.042,0.072,0.05,0.057,0.06,0.031,0.082,0.064,0.069,0.085,0.057,0.045,0.058,0.086,0.08

>n379122
0.096,0.05,0.071,0.085,0.071,0.051,0.013,0.068,0.056,0.049,0.04,0.051,0.078,0.054,0.072,0.094

>n379129
0.036,0.04,0.066,0.031,0.065,0.103,0.084,0.059,0.053,0.12,0.108,0.061,0.018,0.048,0.084,0.024

>n379131
0.091,0.051,0.074,0.059,0.073,0.079,0.027,0.061,0.063,0.052,0.067,0.055,0.048,0.058,0.07,0.072

>n379132
0.095,0.053,0.078,0.065,0.072,0.039,0.011,0.057,0.078,0.042,0.068,0.067,0.047,0.046,0.096,0.085

>n379149
0.1,0.048,0.079,0.061,0.07,0.052,0.009,0.071,0.061,0.052,0.072,0.054,0.057,0.05,0.08,0.084

>n379160
0.043,0.032,0.08,0.05,0.074,0.065,0.03,0.074,0.057,0.085,0.101,0.05,0.031,0.062,0.082,0.082

>n379166
0.055,0.031,0.079,0.055,0.074,0.06,0.023,0.069,0.056,0.076,0.088,0.055,0.037,0.059,0.085,0.098

>n379167
0.059,0.047,0.083,0.043,0.068,0.076,0.032,0.077,0.079,0.076,0.096,0.05,0.025,0.054,0.091,0.044

>n379177
0.033,0.025,0.072,0.014,0.044,0.13,0.114,0.075,0.053,0.146,0.125,0.029,0.014,0.062,0.04,0.024

>n379212
0.052,0.051,0.084,0.05,0.078,0.067,0.024,0.07,0.064,0.065,0.068,0.06,0.042,0.056,0.081,0.089

>n379244
0.124,0.06,0.07,0.073,0.081,0.048,0.022,0.052,0.073,0.051,0.069,0.046,0.049,0.045,0.076,0.06

>n379281
0.07,0.051,0.074,0.04,0.068,0.115,0.052,0.087,0.06,0.076,0.053,0.036,0.036,0.08,0.047,0.056

>n379288
0.115,0.044,0.066,0.069,0.059,0.037,0.02,0.071,0.076,0.044,0.061,0.049,0.047,0.061,0.081,0.1

>n379293
0.065,0.054,0.076,0.053,0.069,0.054,0.022,0.072,0.061,0.055,0.066,0.066,0.053,0.054,0.084,0.096

>n379300
0.061,0.05,0.095,0.036,0.074,0.09,0.025,0.065,0.084,0.062,0.105,0.057,0.023,0.053,0.083,0.039

>n379304
0.068,0.052,0.073,0.055,0.078,0.066,0.016,0.082,0.06,0.063,0.053,0.056,0.043,0.061,0.089,0.085

>n379310
0.075,0.046,0.075,0.064,0.071,0.053,0.014,0.081,0.058,0.053,0.052,0.054,0.056,0.066,0.077,0.103

>n379327
0.059,0.055,0.08,0.041,0.074,0.092,0.025,0.08,0.064,0.059,0.065,0.055,0.038,0.065,0.072,0.079

>n379336
0.032,0.051,0.05,0.05,0.085,0.072,0.026,0.057,0.037,0.081,0.081,0.119,0.029,0.037,0.16,0.033

>n379340
0.11,0.053,0.063,0.086,0.069,0.047,0.012,0.067,0.059,0.039,0.046,0.049,0.074,0.058,0.071,0.097

>n379342
0.066,0.048,0.069,0.049,0.059,0.067,0.037,0.083,0.073,0.055,0.075,0.057,0.034,0.076,0.078,0.074

>n379350
0.091,0.041,0.081,0.056,0.065,0.062,0.038,0.073,0.072,0.07,0.07,0.044,0.041,0.066,0.066,0.064

>n379360
0.08,0.056,0.074,0.052,0.081,0.076,0.019,0.087,0.065,0.062,0.065,0.044,0.036,0.069,0.078,0.056

>n379378
0.076,0.05,0.082,0.062,0.076,0.058,0.019,0.067,0.065,0.056,0.072,0.058,0.052,0.056,0.078,0.075

>n379395
0.083,0.049,0.065,0.07,0.065,0.063,0.007,0.081,0.053,0.034,0.038,0.062,0.066,0.07,0.077,0.117

>n379406
0.115,0.05,0.068,0.083,0.073,0.052,0.019,0.046,0.07,0.037,0.047,0.054,0.057,0.051,0.076,0.103

>n379426
0.079,0.053,0.083,0.065,0.069,0.069,0.004,0.075,0.076,0.037,0.05,0.057,0.057,0.057,0.082,0.086

>n379436
0.066,0.051,0.088,0.046,0.078,0.085,0.038,0.062,0.078,0.073,0.089,0.042,0.029,0.054,0.066,0.054

>n379442
0.071,0.052,0.061,0.07,0.068,0.06,0.028,0.074,0.049,0.052,0.045,0.063,0.065,0.067,0.076,0.099

>n379454
0.086,0.047,0.077,0.06,0.07,0.07,0.012,0.079,0.07,0.048,0.066,0.049,0.043,0.067,0.078,0.075

>n379459
0.052,0.038,0.071,0.04,0.052,0.072,0.058,0.073,0.061,0.085,0.091,0.054,0.035,0.061,0.07,0.087

>n379466
0.07,0.053,0.073,0.051,0.063,0.082,0.044,0.067,0.071,0.067,0.075,0.047,0.042,0.053,0.069,0.073

>n379480
0.085,0.059,0.088,0.045,0.08,0.079,0.029,0.072,0.066,0.058,0.066,0.044,0.045,0.065,0.051,0.066

>n379489
0.097,0.054,0.066,0.084,0.071,0.046,0.014,0.066,0.059,0.045,0.041,0.052,0.074,0.052,0.076,0.102

>n379562
0.028,0.04,0.081,0.024,0.085,0.119,0.03,0.084,0.051,0.097,0.118,0.056,0.009,0.061,0.093,0.025

>n379566
0.083,0.054,0.079,0.061,0.078,0.059,0.023,0.064,0.062,0.054,0.069,0.051,0.055,0.056,0.065,0.086

>n379574
0.078,0.043,0.057,0.077,0.062,0.049,0.006,0.083,0.048,0.04,0.049,0.056,0.068,0.068,0.081,0.135

>n379581
0.088,0.049,0.074,0.06,0.072,0.081,0.021,0.073,0.067,0.058,0.075,0.044,0.044,0.059,0.075,0.061

>n379586
0.067,0.051,0.072,0.048,0.069,0.096,0.033,0.075,0.069,0.062,0.058,0.045,0.034,0.064,0.071,0.087

>n379593
0.117,0.041,0.068,0.105,0.057,0.035,0.009,0.056,0.066,0.035,0.051,0.048,0.091,0.045,0.072,0.104

>n379616
0.057,0.054,0.069,0.036,0.085,0.133,0.021,0.093,0.048,0.075,0.073,0.037,0.026,0.07,0.07,0.052

>n379622
0.11,0.044,0.067,0.085,0.065,0.044,0.017,0.06,0.067,0.042,0.035,0.053,0.063,0.056,0.078,0.114

>n379630
0.067,0.043,0.065,0.061,0.059,0.064,0.035,0.067,0.054,0.06,0.063,0.063,0.056,0.057,0.076,0.109

>n379637
0.092,0.06,0.087,0.057,0.089,0.054,0.014,0.073,0.077,0.055,0.065,0.049,0.037,0.061,0.08,0.049

>n379657
0.077,0.049,0.081,0.062,0.077,0.063,0.012,0.068,0.058,0.048,0.055,0.059,0.057,0.06,0.072,0.1

>n379676
0.087,0.054,0.078,0.07,0.076,0.058,0.035,0.062,0.072,0.064,0.059,0.044,0.053,0.055,0.067,0.068

>n379691
0.072,0.043,0.077,0.064,0.062,0.056,0.011,0.076,0.059,0.052,0.075,0.055,0.063,0.055,0.078,0.103

>n379692
0.032,0.039,0.068,0.033,0.057,0.1,0.052,0.085,0.058,0.091,0.093,0.054,0.025,0.063,0.085,0.066

>n379717
0.091,0.043,0.061,0.083,0.07,0.047,0.013,0.067,0.052,0.047,0.048,0.051,0.064,0.06,0.076,0.126

>n379718
0.04,0.05,0.085,0.028,0.081,0.109,0.03,0.08,0.067,0.08,0.107,0.051,0.015,0.061,0.083,0.034

>n379772
0.075,0.053,0.068,0.066,0.071,0.061,0.019,0.094,0.068,0.054,0.05,0.042,0.048,0.078,0.077,0.078

>n379774
0.054,0.05,0.084,0.044,0.075,0.108,0.025,0.08,0.071,0.067,0.071,0.045,0.031,0.063,0.074,0.058

>n379781
0.069,0.054,0.082,0.057,0.085,0.064,0.013,0.078,0.067,0.056,0.059,0.048,0.041,0.066,0.077,0.085

>n379792
0.039,0.048,0.057,0.063,0.077,0.089,0.02,0.088,0.04,0.064,0.051,0.052,0.05,0.073,0.079,0.109

>n379821
0.083,0.048,0.092,0.054,0.072,0.074,0.05,0.055,0.084,0.078,0.076,0.042,0.04,0.051,0.061,0.04

>n379834
0.066,0.051,0.07,0.062,0.062,0.086,0.018,0.07,0.07,0.051,0.055,0.045,0.053,0.047,0.076,0.117

>n379841
0.065,0.034,0.075,0.042,0.069,0.11,0.033,0.084,0.058,0.084,0.08,0.041,0.024,0.068,0.075,0.059

>n379850
0.111,0.045,0.095,0.066,0.072,0.042,0.02,0.059,0.083,0.058,0.057,0.048,0.051,0.048,0.074,0.07

>n379927
0.073,0.053,0.081,0.049,0.079,0.064,0.015,0.085,0.07,0.058,0.064,0.055,0.034,0.068,0.087,0.067

>n379950
0.102,0.043,0.073,0.076,0.063,0.042,0.023,0.059,0.061,0.055,0.057,0.051,0.067,0.047,0.071,0.106

>n379972
0.032,0.025,0.071,0.015,0.078,0.163,0.046,0.119,0.022,0.112,0.08,0.028,0.011,0.105,0.046,0.048

>n380027
0.066,0.062,0.064,0.07,0.066,0.058,0.021,0.092,0.072,0.055,0.04,0.04,0.058,0.062,0.081,0.092

>n380031
0.093,0.038,0.065,0.098,0.059,0.032,0.005,0.066,0.053,0.032,0.042,0.057,0.089,0.059,0.073,0.141

>n380060
0.087,0.047,0.082,0.063,0.076,0.074,0.01,0.074,0.072,0.046,0.069,0.05,0.044,0.067,0.076,0.065

>n380064
0.11,0.044,0.059,0.086,0.055,0.034,0.009,0.071,0.059,0.035,0.042,0.059,0.076,0.057,0.084,0.121

>n380100
0.104,0.053,0.084,0.081,0.069,0.038,0.004,0.063,0.074,0.037,0.043,0.05,0.076,0.046,0.073,0.107

>n380108
0.068,0.053,0.079,0.045,0.078,0.088,0.037,0.071,0.061,0.074,0.087,0.039,0.038,0.06,0.057,0.065

>n380148
0.098,0.051,0.067,0.074,0.065,0.059,0.031,0.063,0.066,0.054,0.059,0.043,0.061,0.054,0.065,0.09

>n380151
0.058,0.049,0.067,0.054,0.083,0.085,0.02,0.096,0.047,0.06,0.058,0.047,0.038,0.091,0.067,0.08

>n380158
0.091,0.039,0.075,0.075,0.041,0.027,0.034,0.055,0.07,0.055,0.05,0.077,0.079,0.034,0.093,0.104

>n380163
0.05,0.046,0.053,0.027,0.046,0.12,0.073,0.087,0.064,0.085,0.088,0.035,0.015,0.074,0.057,0.078

>n380175
0.051,0.041,0.078,0.049,0.048,0.087,0.042,0.071,0.063,0.075,0.093,0.058,0.056,0.046,0.076,0.066

>n380177
0.048,0.051,0.066,0.054,0.061,0.078,0.025,0.083,0.075,0.063,0.088,0.045,0.035,0.055,0.091,0.081

>n380184
0.04,0.046,0.07,0.055,0.063,0.079,0.033,0.077,0.053,0.06,0.074,0.067,0.053,0.069,0.076,0.085

>n380208
0.097,0.059,0.074,0.034,0.074,0.078,0.039,0.079,0.059,0.075,0.062,0.041,0.033,0.06,0.062,0.074

>n380263
0.038,0.054,0.07,0.026,0.098,0.134,0.023,0.117,0.032,0.09,0.06,0.033,0.02,0.093,0.062,0.051

>n380278
0.096,0.046,0.072,0.064,0.053,0.059,0.023,0.062,0.073,0.032,0.04,0.064,0.056,0.059,0.075,0.126

>n380333
0.092,0.046,0.08,0.075,0.081,0.058,0.011,0.067,0.061,0.052,0.054,0.04,0.06,0.061,0.062,0.1

>n380399
0.075,0.038,0.071,0.031,0.049,0.082,0.071,0.062,0.064,0.096,0.1,0.049,0.027,0.047,0.067,0.071

>n380413
0.092,0.053,0.066,0.077,0.073,0.051,0.011,0.07,0.073,0.041,0.052,0.046,0.049,0.061,0.083,0.103

>n380415
0.049,0.041,0.088,0.049,0.071,0.069,0.014,0.081,0.068,0.063,0.099,0.057,0.039,0.062,0.085,0.065

>n380489
0.062,0.05,0.073,0.08,0.061,0.047,0.01,0.083,0.066,0.042,0.047,0.061,0.076,0.061,0.085,0.097

>n380490
0.076,0.044,0.061,0.066,0.066,0.061,0.015,0.076,0.059,0.054,0.047,0.051,0.047,0.056,0.088,0.132

>n380500
0.068,0.05,0.058,0.054,0.062,0.092,0.033,0.089,0.054,0.059,0.061,0.047,0.046,0.076,0.068,0.083

>n380543
0.024,0.041,0.049,0.031,0.069,0.074,0.025,0.052,0.039,0.078,0.085,0.156,0.014,0.026,0.198,0.039

>n380651
0.114,0.041,0.08,0.081,0.069,0.039,0.005,0.056,0.065,0.039,0.054,0.053,0.068,0.05,0.071,0.114

>n380659
0.059,0.049,0.097,0.056,0.074,0.049,0.01,0.082,0.097,0.054,0.074,0.054,0.031,0.066,0.097,0.051

>n380677
0.082,0.048,0.078,0.067,0.068,0.045,0.01,0.069,0.061,0.042,0.05,0.064,0.064,0.058,0.078,0.115

>n380693
0.076,0.037,0.059,0.087,0.06,0.051,0.02,0.068,0.053,0.045,0.05,0.065,0.07,0.065,0.084,0.11

>n380707
0.092,0.048,0.092,0.059,0.066,0.051,0.008,0.076,0.071,0.048,0.064,0.056,0.064,0.053,0.074,0.08

>n380714
0.075,0.056,0.085,0.056,0.067,0.053,0.006,0.077,0.071,0.045,0.059,0.054,0.059,0.048,0.08,0.107

>n380761
0.096,0.066,0.077,0.053,0.073,0.057,0.005,0.099,0.071,0.044,0.06,0.038,0.053,0.065,0.071,0.071

>n380796
0.119,0.04,0.068,0.092,0.066,0.042,0.005,0.056,0.058,0.034,0.029,0.046,0.074,0.053,0.068,0.149

>n380806
0.08,0.044,0.073,0.068,0.065,0.074,0.01,0.074,0.06,0.052,0.054,0.052,0.059,0.054,0.081,0.1

>n380900
0.076,0.051,0.1,0.033,0.078,0.1,0.011,0.079,0.079,0.059,0.083,0.045,0.029,0.059,0.07,0.048

>n380909
0.041,0.044,0.074,0.022,0.08,0.12,0.053,0.08,0.057,0.101,0.096,0.048,0.004,0.067,0.08,0.034

>n380977
0.096,0.046,0.084,0.069,0.064,0.032,0.026,0.072,0.092,0.053,0.07,0.047,0.044,0.061,0.082,0.061

>n381011
0.121,0.047,0.063,0.106,0.064,0.031,0.001,0.062,0.058,0.028,0.034,0.047,0.093,0.053,0.069,0.124

>n381022
0.072,0.094,0.048,0.072,0.096,0.116,0.024,0.094,0.03,0.052,0.034,0.018,0.088,0.068,0.027,0.066

>n381026
0.051,0.067,0.076,0.047,0.095,0.089,0.021,0.095,0.057,0.075,0.053,0.041,0.038,0.069,0.076,0.048

>n381037
0.12,0.045,0.093,0.048,0.033,0.033,0.066,0.054,0.12,0.063,0.111,0.027,0.03,0.045,0.054,0.06

>n381041
0.057,0.064,0.082,0.033,0.092,0.108,0.028,0.076,0.065,0.078,0.093,0.038,0.022,0.054,0.07,0.04

>n381057
0.098,0.047,0.072,0.075,0.065,0.038,0.009,0.065,0.071,0.042,0.065,0.049,0.057,0.051,0.081,0.114

>n381071
0.061,0.045,0.076,0.052,0.073,0.101,0.011,0.089,0.07,0.051,0.066,0.05,0.03,0.077,0.086,0.061

>n381074
0.074,0.048,0.082,0.049,0.077,0.068,0.017,0.08,0.063,0.065,0.076,0.059,0.038,0.062,0.089,0.052

>n381076
0.067,0.057,0.082,0.064,0.079,0.054,0.01,0.073,0.072,0.043,0.051,0.057,0.052,0.062,0.081,0.096

>n381078
0.078,0.039,0.081,0.061,0.069,0.06,0.011,0.087,0.076,0.057,0.052,0.041,0.035,0.07,0.083,0.098

>n381081
0.062,0.044,0.083,0.054,0.08,0.059,0.015,0.064,0.066,0.065,0.081,0.059,0.034,0.052,0.091,0.091

>n381102
0.174,0.072,0.067,0.085,0.097,0.049,0.002,0.06,0.055,0.033,0.012,0.033,0.072,0.055,0.051,0.083

>n381159
0.088,0.051,0.076,0.06,0.079,0.072,0.034,0.062,0.062,0.071,0.071,0.043,0.045,0.053,0.067,0.067

>n381184
0.096,0.044,0.067,0.079,0.06,0.046,0.009,0.07,0.055,0.037,0.052,0.063,0.075,0.057,0.079,0.111

>n381187
0.084,0.038,0.079,0.059,0.059,0.068,0.016,0.078,0.057,0.044,0.059,0.06,0.059,0.072,0.067,0.099

>n381189
0.079,0.063,0.07,0.039,0.087,0.09,0.026,0.076,0.057,0.071,0.076,0.051,0.029,0.054,0.082,0.051

>n381200
0.094,0.048,0.056,0.096,0.07,0.047,0.01,0.067,0.049,0.036,0.039,0.053,0.081,0.063,0.072,0.119

>n381216
0.083,0.034,0.06,0.075,0.061,0.043,0.008,0.081,0.056,0.038,0.053,0.06,0.052,0.079,0.084,0.132

>n381222
0.09,0.042,0.092,0.045,0.056,0.069,0.004,0.093,0.085,0.047,0.076,0.034,0.038,0.064,0.071,0.093

>n381231
0.101,0.048,0.07,0.087,0.062,0.037,0.007,0.064,0.064,0.032,0.04,0.058,0.08,0.053,0.076,0.121

>n381268
0.113,0.046,0.067,0.079,0.063,0.036,0.011,0.062,0.077,0.031,0.058,0.05,0.05,0.059,0.081,0.119

>n381270
0.143,0.047,0.081,0.086,0.071,0.039,0.014,0.049,0.078,0.034,0.05,0.049,0.066,0.051,0.067,0.076

>n381272
0.112,0.044,0.077,0.085,0.064,0.031,0.003,0.062,0.072,0.034,0.047,0.055,0.07,0.052,0.081,0.11

>n381280
0.059,0.041,0.069,0.055,0.069,0.07,0.01,0.09,0.054,0.058,0.064,0.065,0.042,0.07,0.097,0.085

>n381323
0.055,0.059,0.065,0.056,0.086,0.088,0.019,0.082,0.053,0.063,0.061,0.054,0.04,0.066,0.087,0.067

>n381344
0.111,0.057,0.086,0.062,0.082,0.058,0.008,0.068,0.074,0.048,0.053,0.047,0.049,0.054,0.074,0.072

>n381351
0.097,0.052,0.06,0.094,0.062,0.031,0.005,0.065,0.05,0.029,0.035,0.059,0.093,0.052,0.072,0.145

>n381353
0.096,0.045,0.052,0.106,0.063,0.038,0.003,0.06,0.054,0.023,0.029,0.057,0.087,0.058,0.078,0.149

>n381364
0.076,0.043,0.063,0.087,0.062,0.045,0.009,0.072,0.055,0.043,0.054,0.055,0.075,0.057,0.081,0.124

>n381375
0.058,0.053,0.075,0.045,0.084,0.095,0.021,0.095,0.057,0.069,0.063,0.043,0.031,0.078,0.074,0.058

>n381381
0.049,0.043,0.066,0.053,0.063,0.07,0.027,0.077,0.058,0.061,0.081,0.067,0.042,0.063,0.092,0.088

>n381409
0.138,0.041,0.061,0.099,0.059,0.031,0.005,0.055,0.046,0.029,0.032,0.056,0.095,0.048,0.066,0.14

>n381414
0.067,0.04,0.088,0.049,0.082,0.075,0.023,0.062,0.062,0.074,0.079,0.062,0.034,0.053,0.086,0.061

>n381417
0.078,0.049,0.08,0.054,0.077,0.064,0.019,0.072,0.063,0.061,0.066,0.063,0.044,0.058,0.087,0.065

>n381419
0.09,0.047,0.073,0.065,0.082,0.054,0.017,0.062,0.059,0.046,0.062,0.06,0.043,0.068,0.076,0.096

>n381430
0.119,0.056,0.079,0.083,0.078,0.043,0.009,0.055,0.077,0.037,0.06,0.046,0.063,0.049,0.072,0.075

>n381431
0.112,0.055,0.08,0.076,0.076,0.045,0.012,0.057,0.076,0.04,0.064,0.048,0.059,0.049,0.073,0.077

>n381443
0.058,0.043,0.07,0.043,0.076,0.093,0.009,0.09,0.044,0.063,0.076,0.06,0.036,0.07,0.087,0.082

>n381444
0.092,0.051,0.071,0.071,0.07,0.052,0.015,0.07,0.068,0.04,0.051,0.054,0.055,0.063,0.077,0.1

>n381464
0.053,0.025,0.054,0.071,0.048,0.042,0.008,0.08,0.046,0.032,0.046,0.071,0.056,0.079,0.087,0.201

>n381468
0.082,0.055,0.08,0.073,0.073,0.047,0.011,0.072,0.067,0.046,0.054,0.053,0.068,0.055,0.075,0.09

>n381471
0.051,0.048,0.079,0.058,0.075,0.066,0.01,0.073,0.063,0.054,0.078,0.061,0.047,0.056,0.089,0.091

>n381509
0.12,0.052,0.062,0.101,0.079,0.038,0.007,0.066,0.052,0.036,0.03,0.044,0.083,0.064,0.064,0.102

>n381521
0.083,0.046,0.063,0.083,0.063,0.078,0.027,0.071,0.058,0.047,0.039,0.041,0.072,0.067,0.056,0.107

>n381526
0.105,0.059,0.08,0.074,0.072,0.036,0.014,0.059,0.063,0.045,0.051,0.06,0.077,0.042,0.074,0.088

>n381557
0.096,0.048,0.063,0.081,0.064,0.043,0.008,0.069,0.046,0.04,0.038,0.061,0.082,0.053,0.076,0.132

>n381559
0.07,0.048,0.06,0.086,0.072,0.062,0.012,0.073,0.053,0.05,0.054,0.057,0.07,0.058,0.088,0.087

>n381568
0.098,0.053,0.066,0.059,0.082,0.062,0.002,0.089,0.047,0.048,0.048,0.043,0.05,0.071,0.069,0.113

>n381580
0.07,0.05,0.071,0.051,0.071,0.083,0.027,0.082,0.069,0.056,0.065,0.046,0.031,0.074,0.073,0.08

>n381585
0.03,0.046,0.039,0.049,0.061,0.11,0.033,0.095,0.033,0.059,0.059,0.064,0.041,0.082,0.086,0.112

>n381586
0.024,0.061,0.044,0.041,0.08,0.146,0.039,0.084,0.041,0.061,0.054,0.051,0.024,0.08,0.071,0.096

>n381616
0.085,0.048,0.078,0.061,0.072,0.057,0.004,0.085,0.059,0.045,0.051,0.054,0.056,0.068,0.076,0.102

>n381623
0.076,0.048,0.064,0.067,0.07,0.065,0.017,0.079,0.058,0.05,0.061,0.052,0.051,0.067,0.08,0.095

>n381689
0.083,0.049,0.07,0.073,0.065,0.046,0.012,0.067,0.072,0.039,0.039,0.065,0.055,0.057,0.093,0.113

>n381696
0.082,0.05,0.082,0.065,0.067,0.055,0.025,0.065,0.076,0.057,0.08,0.051,0.053,0.051,0.078,0.063

>n381720
0.102,0.042,0.065,0.08,0.058,0.038,0.007,0.069,0.048,0.036,0.041,0.06,0.081,0.056,0.072,0.145

>n381727
0.035,0.039,0.057,0.056,0.063,0.067,0.017,0.091,0.041,0.056,0.053,0.06,0.048,0.076,0.083,0.158

>n381754
0.094,0.043,0.057,0.085,0.048,0.014,0.006,0.074,0.071,0.034,0.048,0.103,0.066,0.051,0.145,0.06

>n381773
0.061,0.049,0.094,0.04,0.078,0.091,0.037,0.071,0.077,0.078,0.088,0.043,0.029,0.058,0.067,0.041

>n381776
0.037,0.045,0.082,0.057,0.07,0.078,0.033,0.074,0.09,0.07,0.111,0.049,0.025,0.057,0.098,0.025

>n381782
0.102,0.062,0.086,0.057,0.097,0.07,0.017,0.065,0.073,0.059,0.052,0.044,0.035,0.059,0.071,0.051

>n381786
0.113,0.047,0.071,0.086,0.073,0.043,0.004,0.063,0.059,0.034,0.035,0.054,0.072,0.06,0.071,0.115

>n381789
0.124,0.046,0.064,0.09,0.068,0.036,0.013,0.06,0.055,0.034,0.044,0.049,0.076,0.061,0.062,0.119

>n381793
0.054,0.046,0.089,0.045,0.07,0.08,0.008,0.099,0.072,0.059,0.078,0.041,0.039,0.072,0.075,0.075

>n381805
0.059,0.048,0.075,0.048,0.065,0.066,0.014,0.088,0.067,0.057,0.087,0.057,0.04,0.062,0.091,0.076

>n381833
0.043,0.048,0.087,0.038,0.087,0.079,0.038,0.077,0.072,0.091,0.088,0.051,0.015,0.062,0.089,0.034

>n381838
0.088,0.047,0.066,0.08,0.066,0.057,0.012,0.073,0.062,0.039,0.055,0.052,0.065,0.064,0.076,0.098

>n381839
0.109,0.042,0.063,0.085,0.059,0.043,0.004,0.07,0.059,0.038,0.035,0.056,0.072,0.054,0.085,0.126

>n381846
0.067,0.042,0.061,0.052,0.068,0.074,0.017,0.09,0.054,0.056,0.059,0.058,0.033,0.077,0.09,0.1

>n381878
0.088,0.044,0.081,0.051,0.077,0.071,0.006,0.077,0.059,0.055,0.075,0.047,0.04,0.062,0.074,0.092

>n381885
0.087,0.055,0.063,0.073,0.072,0.061,0.008,0.087,0.05,0.046,0.05,0.049,0.068,0.066,0.074,0.093

>n381899
0.108,0.053,0.073,0.083,0.059,0.032,0.009,0.073,0.071,0.033,0.055,0.054,0.079,0.055,0.076,0.085

>n381912
0.09,0.052,0.053,0.102,0.07,0.042,0.004,0.066,0.05,0.025,0.027,0.051,0.087,0.062,0.069,0.151

>n381941
0.051,0.057,0.086,0.037,0.088,0.094,0.019,0.087,0.064,0.081,0.085,0.04,0.027,0.056,0.08,0.047

>n381942
0.059,0.056,0.087,0.048,0.097,0.068,0.032,0.066,0.072,0.075,0.079,0.049,0.022,0.064,0.077,0.049

>n381945
0.134,0.048,0.08,0.059,0.066,0.057,0.041,0.045,0.08,0.059,0.068,0.041,0.041,0.045,0.059,0.077

>n381958
0.062,0.052,0.071,0.06,0.078,0.058,0.019,0.076,0.054,0.052,0.062,0.072,0.05,0.07,0.087,0.077

>n381970
0.082,0.055,0.086,0.049,0.088,0.077,0.028,0.07,0.062,0.079,0.068,0.043,0.039,0.052,0.071,0.052

>n381979
0.054,0.075,0.072,0.051,0.094,0.069,0.023,0.075,0.067,0.06,0.074,0.051,0.035,0.058,0.084,0.056

>n381981
0.095,0.05,0.055,0.085,0.063,0.038,0.024,0.06,0.053,0.041,0.047,0.063,0.074,0.055,0.077,0.121

>n381993
0.089,0.039,0.063,0.082,0.056,0.051,0.012,0.077,0.066,0.043,0.051,0.052,0.061,0.063,0.086,0.109

>n382000
0.137,0.046,0.066,0.082,0.074,0.036,0.022,0.063,0.079,0.06,0.046,0.044,0.041,0.052,0.093,0.06

>n382009
0.08,0.053,0.088,0.044,0.075,0.08,0.055,0.056,0.086,0.087,0.083,0.04,0.023,0.046,0.071,0.031

>n382014
0.094,0.045,0.072,0.081,0.065,0.039,0.007,0.066,0.062,0.036,0.053,0.059,0.071,0.056,0.079,0.115

>n382015
0.09,0.038,0.065,0.098,0.048,0.039,0.017,0.071,0.058,0.05,0.034,0.051,0.095,0.048,0.078,0.12

>n382037
0.11,0.022,0.079,0.096,0.061,0.022,0.009,0.066,0.048,0.066,0.035,0.061,0.088,0.048,0.088,0.101

>n382059
0.091,0.051,0.072,0.089,0.081,0.045,0.006,0.057,0.076,0.037,0.056,0.05,0.055,0.057,0.085,0.091

>n382060
0.087,0.054,0.08,0.06,0.068,0.054,0.018,0.073,0.072,0.051,0.053,0.052,0.054,0.054,0.077,0.092

>n382061
0.087,0.05,0.077,0.062,0.065,0.054,0.02,0.071,0.067,0.052,0.052,0.056,0.056,0.056,0.077,0.097

>n382064
0.089,0.049,0.069,0.079,0.061,0.05,0.024,0.072,0.077,0.039,0.049,0.05,0.059,0.069,0.073,0.093

>n382077
0.085,0.046,0.06,0.083,0.072,0.051,0.011,0.065,0.053,0.041,0.043,0.063,0.063,0.062,0.087,0.116

>n382083
0.107,0.051,0.064,0.095,0.08,0.033,0.006,0.063,0.062,0.041,0.046,0.044,0.068,0.057,0.077,0.106

>n382094
0.089,0.05,0.068,0.066,0.067,0.053,0.013,0.076,0.058,0.048,0.05,0.057,0.058,0.058,0.083,0.107

>n382105
0.064,0.04,0.071,0.053,0.061,0.052,0.021,0.078,0.06,0.06,0.064,0.068,0.043,0.059,0.096,0.109

>n382131
0.074,0.051,0.057,0.075,0.07,0.06,0.008,0.084,0.045,0.042,0.042,0.059,0.067,0.07,0.08,0.115

>n382143
0.139,0.076,0.069,0.072,0.095,0.057,0.016,0.054,0.061,0.048,0.06,0.036,0.062,0.04,0.059,0.056

>n382148
0.12,0.046,0.07,0.081,0.067,0.043,0.012,0.063,0.053,0.044,0.044,0.044,0.077,0.053,0.058,0.126

>n382149
0.12,0.052,0.081,0.054,0.081,0.059,0.009,0.07,0.07,0.05,0.057,0.057,0.036,0.057,0.086,0.061

>n382181
0.107,0.045,0.057,0.094,0.065,0.032,0.005,0.066,0.051,0.029,0.033,0.063,0.079,0.062,0.082,0.13

>n382184
0.098,0.042,0.071,0.08,0.061,0.046,0.005,0.07,0.058,0.035,0.038,0.058,0.073,0.06,0.076,0.129

>n382207
0.117,0.049,0.06,0.088,0.069,0.053,0.006,0.065,0.052,0.031,0.041,0.051,0.077,0.059,0.068,0.113

>n382220
0.062,0.04,0.072,0.05,0.057,0.062,0.046,0.07,0.063,0.073,0.075,0.057,0.042,0.06,0.075,0.097

>n382224
0.058,0.04,0.067,0.049,0.06,0.082,0.053,0.069,0.062,0.083,0.087,0.049,0.033,0.06,0.075,0.074

>n382231
0.071,0.048,0.074,0.055,0.073,0.071,0.016,0.075,0.062,0.057,0.064,0.058,0.042,0.059,0.087,0.087

>n382233
0.05,0.045,0.068,0.05,0.074,0.086,0.022,0.077,0.057,0.067,0.083,0.059,0.032,0.061,0.093,0.078

>n382276
0.059,0.041,0.076,0.047,0.078,0.066,0.014,0.093,0.048,0.065,0.061,0.065,0.039,0.079,0.088,0.08

>n382286
0.043,0.054,0.075,0.035,0.09,0.113,0.025,0.092,0.054,0.08,0.078,0.046,0.02,0.073,0.08,0.042

>n382312
0.087,0.044,0.065,0.073,0.061,0.051,0.021,0.068,0.062,0.053,0.055,0.055,0.06,0.054,0.082,0.108

>n382317
0.081,0.057,0.063,0.071,0.078,0.055,0.022,0.068,0.063,0.051,0.056,0.056,0.05,0.06,0.085,0.085

>n382328
0.077,0.051,0.079,0.066,0.066,0.045,0.014,0.066,0.069,0.046,0.058,0.062,0.062,0.049,0.084,0.104

>n382330
0.086,0.039,0.066,0.096,0.053,0.03,0.008,0.058,0.064,0.031,0.041,0.073,0.084,0.049,0.094,0.129

>n382350
0.088,0.048,0.069,0.085,0.071,0.042,0.008,0.06,0.067,0.035,0.056,0.061,0.064,0.056,0.087,0.102

>n382428
0.132,0.044,0.063,0.061,0.046,0.055,0.038,0.059,0.075,0.059,0.084,0.048,0.046,0.038,0.082,0.071

>n382440
0.1,0.06,0.073,0.059,0.08,0.076,0.031,0.067,0.073,0.059,0.06,0.04,0.041,0.058,0.068,0.054

>n382464
0.082,0.055,0.077,0.073,0.083,0.05,0.01,0.073,0.067,0.038,0.035,0.058,0.056,0.072,0.075,0.095

>n382474
0.108,0.078,0.083,0.056,0.108,0.065,0.019,0.054,0.072,0.051,0.055,0.043,0.037,0.053,0.063,0.056

>n382487
0.068,0.056,0.076,0.031,0.085,0.093,0.06,0.07,0.056,0.093,0.096,0.041,0.023,0.065,0.055,0.031

>n382490
0.097,0.04,0.074,0.071,0.064,0.051,0.008,0.075,0.066,0.046,0.054,0.057,0.054,0.062,0.087,0.094

>n382495
0.116,0.065,0.112,0.048,0.05,0.035,0.035,0.059,0.141,0.041,0.088,0.035,0.031,0.038,0.071,0.034

>n382497
0.094,0.057,0.083,0.06,0.082,0.061,0.027,0.06,0.069,0.055,0.071,0.047,0.05,0.057,0.06,0.066

>n382502
0.07,0.046,0.078,0.056,0.063,0.073,0.018,0.08,0.064,0.056,0.076,0.046,0.052,0.06,0.069,0.093

>n382507
0.06,0.04,0.087,0.035,0.07,0.084,0.014,0.087,0.062,0.071,0.102,0.047,0.03,0.06,0.079,0.07

>n382508
0.078,0.047,0.084,0.059,0.067,0.052,0.011,0.075,0.074,0.05,0.077,0.055,0.049,0.056,0.084,0.081

>n382511
0.09,0.045,0.074,0.081,0.064,0.033,0.006,0.065,0.054,0.034,0.038,0.063,0.082,0.056,0.071,0.142

>n382512
0.054,0.045,0.094,0.064,0.08,0.069,0.017,0.07,0.088,0.065,0.085,0.044,0.035,0.058,0.085,0.048

>n382553
0.11,0.049,0.063,0.098,0.061,0.025,0.003,0.055,0.057,0.023,0.031,0.057,0.092,0.047,0.071,0.161

>n382632
0.141,0.044,0.091,0.07,0.068,0.046,0.009,0.049,0.088,0.033,0.051,0.058,0.051,0.048,0.078,0.076

>n382635
0.095,0.055,0.066,0.075,0.082,0.065,0.009,0.072,0.06,0.042,0.054,0.047,0.054,0.066,0.074,0.085

>n382643
0.047,0.05,0.083,0.042,0.081,0.095,0.028,0.073,0.065,0.074,0.099,0.052,0.029,0.058,0.08,0.042

>n382664
0.035,0.047,0.092,0.029,0.079,0.107,0.034,0.07,0.072,0.089,0.13,0.045,0.016,0.048,0.08,0.027

>n382670
0.044,0.053,0.1,0.028,0.079,0.091,0.042,0.064,0.084,0.086,0.116,0.047,0.018,0.048,0.073,0.028

>n382687
0.094,0.049,0.057,0.078,0.059,0.052,0.011,0.07,0.049,0.036,0.043,0.06,0.078,0.054,0.076,0.135

>n382691
0.039,0.057,0.085,0.035,0.093,0.108,0.033,0.074,0.062,0.089,0.099,0.041,0.022,0.054,0.074,0.034

>n382698
0.085,0.049,0.096,0.055,0.067,0.048,0.015,0.064,0.077,0.055,0.08,0.056,0.055,0.042,0.078,0.078

>n382699
0.064,0.04,0.086,0.042,0.057,0.076,0.045,0.067,0.077,0.074,0.092,0.053,0.034,0.056,0.072,0.066

>n382702
0.034,0.049,0.091,0.026,0.081,0.112,0.041,0.066,0.069,0.092,0.128,0.044,0.016,0.047,0.074,0.03

>n382908
0.078,0.065,0.074,0.045,0.087,0.094,0.029,0.072,0.066,0.07,0.076,0.039,0.031,0.054,0.071,0.049

>n382918
0.097,0.044,0.069,0.072,0.062,0.045,0.01,0.069,0.058,0.038,0.052,0.06,0.065,0.06,0.076,0.126

>n382927
0.094,0.051,0.072,0.074,0.071,0.037,0.011,0.068,0.07,0.041,0.057,0.059,0.056,0.058,0.086,0.098

>n382930
0.087,0.05,0.068,0.077,0.065,0.053,0.006,0.074,0.056,0.044,0.047,0.052,0.074,0.052,0.078,0.118

>n382933
0.051,0.053,0.084,0.035,0.073,0.088,0.051,0.068,0.074,0.089,0.099,0.043,0.023,0.051,0.071,0.046

>n382953
0.079,0.049,0.071,0.067,0.073,0.056,0.025,0.069,0.071,0.059,0.052,0.049,0.042,0.06,0.083,0.094

>n382960
0.058,0.055,0.081,0.041,0.088,0.11,0.028,0.087,0.067,0.063,0.063,0.039,0.022,0.084,0.059,0.054

>n382961
0.061,0.05,0.069,0.048,0.072,0.075,0.021,0.082,0.057,0.062,0.076,0.057,0.038,0.063,0.086,0.083

>n382962
0.08,0.05,0.068,0.07,0.073,0.048,0.024,0.075,0.066,0.056,0.051,0.057,0.05,0.066,0.088,0.078

>n382975
0.059,0.053,0.057,0.068,0.076,0.067,0.021,0.066,0.048,0.053,0.053,0.07,0.053,0.056,0.094,0.106

>n382982
0.05,0.04,0.082,0.042,0.069,0.099,0.06,0.056,0.065,0.098,0.109,0.045,0.03,0.048,0.065,0.043

>n382989
0.112,0.039,0.064,0.096,0.053,0.026,0.007,0.07,0.074,0.039,0.035,0.042,0.072,0.053,0.083,0.134

>n382996
0.069,0.057,0.047,0.054,0.074,0.076,0.039,0.096,0.052,0.098,0.037,0.039,0.032,0.052,0.103,0.076

>n383003
0.077,0.036,0.109,0.059,0.069,0.041,0.008,0.055,0.091,0.052,0.101,0.065,0.043,0.045,0.091,0.06

>n383019
0.062,0.048,0.075,0.05,0.067,0.067,0.015,0.077,0.065,0.054,0.077,0.062,0.04,0.057,0.092,0.092

>n383025
0.045,0.051,0.074,0.029,0.071,0.11,0.039,0.085,0.063,0.076,0.084,0.051,0.019,0.069,0.077,0.057

>n383026
0.045,0.05,0.073,0.029,0.072,0.108,0.039,0.085,0.062,0.077,0.088,0.051,0.019,0.068,0.078,0.056

>n383032
0.053,0.054,0.08,0.029,0.072,0.088,0.04,0.071,0.067,0.082,0.111,0.056,0.024,0.047,0.085,0.04

>n383033
0.047,0.065,0.085,0.057,0.104,0.076,0.014,0.081,0.071,0.07,0.076,0.042,0.033,0.063,0.084,0.034

>n383038
0.102,0.06,0.084,0.048,0.082,0.071,0.019,0.081,0.079,0.054,0.042,0.036,0.031,0.068,0.066,0.078

>n383040
0.07,0.056,0.077,0.035,0.08,0.07,0.035,0.081,0.059,0.078,0.079,0.053,0.028,0.062,0.078,0.057

>n383055
0.091,0.05,0.094,0.039,0.101,0.102,0.026,0.062,0.05,0.088,0.082,0.042,0.033,0.051,0.059,0.031

>n383057
0.081,0.055,0.078,0.044,0.075,0.073,0.049,0.063,0.065,0.066,0.08,0.058,0.036,0.065,0.063,0.048

>n383076
0.043,0.044,0.058,0.025,0.064,0.15,0.05,0.11,0.05,0.065,0.056,0.038,0.013,0.114,0.044,0.075

>n383077
0.092,0.044,0.071,0.082,0.07,0.042,0.007,0.063,0.06,0.041,0.047,0.056,0.067,0.055,0.079,0.123

>n383080
0.052,0.053,0.068,0.043,0.078,0.095,0.05,0.07,0.058,0.085,0.111,0.045,0.027,0.061,0.069,0.037

