>n344453
0.066,0.047,0.072,0.064,0.074,0.082,0.023,0.072,0.064,0.06,0.076,0.044,0.045,0.062,0.073,0.075

>n344454
0.107,0.047,0.047,0.096,0.059,0.031,0.017,0.077,0.054,0.052,0.033,0.056,0.077,0.054,0.098,0.093

>n344455
0.065,0.046,0.06,0.063,0.074,0.074,0.02,0.081,0.05,0.057,0.073,0.057,0.045,0.072,0.084,0.08

>n344457
0.084,0.049,0.064,0.059,0.049,0.062,0.057,0.046,0.076,0.065,0.091,0.047,0.047,0.038,0.066,0.1

>n344460
0.093,0.046,0.063,0.087,0.065,0.041,0.006,0.068,0.059,0.033,0.045,0.054,0.072,0.06,0.077,0.13

>n344461
0.126,0.047,0.069,0.08,0.065,0.033,0.009,0.069,0.073,0.04,0.044,0.052,0.058,0.055,0.087,0.095

>n344462
0.087,0.045,0.067,0.073,0.061,0.046,0.011,0.074,0.06,0.042,0.057,0.059,0.065,0.057,0.083,0.113

>n344472
0.098,0.059,0.078,0.076,0.084,0.049,0.008,0.076,0.076,0.051,0.045,0.039,0.051,0.057,0.08,0.076

>n344478
0.091,0.049,0.079,0.054,0.069,0.076,0.019,0.071,0.073,0.051,0.076,0.052,0.041,0.058,0.078,0.061

>n344488
0.068,0.04,0.071,0.056,0.058,0.073,0.031,0.064,0.065,0.069,0.091,0.048,0.044,0.044,0.08,0.097

>n344490
0.041,0.048,0.067,0.047,0.067,0.083,0.031,0.074,0.063,0.065,0.082,0.062,0.031,0.059,0.092,0.089

>n344496
0.062,0.055,0.081,0.053,0.078,0.073,0.013,0.082,0.074,0.056,0.086,0.05,0.037,0.062,0.086,0.049

>n344497
0.101,0.046,0.075,0.079,0.064,0.04,0.012,0.073,0.067,0.047,0.054,0.05,0.068,0.056,0.078,0.09

>n344500
0.09,0.058,0.084,0.066,0.082,0.062,0.011,0.069,0.083,0.048,0.058,0.047,0.043,0.056,0.083,0.058

>n344503
0.084,0.056,0.079,0.05,0.079,0.077,0.022,0.073,0.067,0.059,0.073,0.048,0.039,0.058,0.073,0.064

>n344508
0.097,0.051,0.079,0.07,0.088,0.062,0.01,0.071,0.062,0.052,0.05,0.048,0.049,0.066,0.074,0.071

>n344514
0.054,0.046,0.085,0.051,0.071,0.074,0.025,0.086,0.08,0.058,0.065,0.051,0.031,0.077,0.079,0.067

>n344517
0.078,0.043,0.075,0.066,0.07,0.053,0.017,0.073,0.058,0.051,0.059,0.062,0.057,0.065,0.08,0.094

>n344528
0.059,0.051,0.075,0.047,0.078,0.099,0.026,0.097,0.059,0.072,0.059,0.036,0.036,0.079,0.065,0.062

>n344530
0.05,0.037,0.079,0.047,0.057,0.059,0.05,0.063,0.073,0.084,0.082,0.061,0.033,0.05,0.089,0.087

>n344531
0.072,0.049,0.076,0.061,0.074,0.08,0.021,0.072,0.063,0.054,0.062,0.046,0.048,0.063,0.067,0.09

>n344534
0.069,0.046,0.08,0.045,0.073,0.088,0.013,0.092,0.061,0.065,0.066,0.053,0.037,0.069,0.084,0.06

>n344535
0.09,0.048,0.069,0.07,0.066,0.056,0.02,0.069,0.065,0.05,0.057,0.057,0.057,0.057,0.082,0.087

>n344538
0.109,0.052,0.066,0.084,0.07,0.047,0.006,0.07,0.057,0.038,0.035,0.052,0.074,0.057,0.075,0.109

>n344540
0.075,0.049,0.077,0.069,0.074,0.058,0.009,0.073,0.067,0.047,0.064,0.052,0.055,0.059,0.081,0.09

>n344541
0.082,0.054,0.09,0.049,0.087,0.065,0.022,0.063,0.074,0.062,0.072,0.052,0.032,0.056,0.076,0.064

>n344547
0.12,0.057,0.08,0.073,0.075,0.046,0.018,0.062,0.075,0.039,0.057,0.047,0.06,0.059,0.063,0.07

>n344551
0.068,0.049,0.073,0.061,0.074,0.066,0.009,0.083,0.07,0.053,0.063,0.056,0.039,0.065,0.096,0.074

>n344552
0.081,0.047,0.064,0.08,0.07,0.047,0.011,0.068,0.063,0.041,0.058,0.061,0.058,0.06,0.091,0.101

>n344559
0.058,0.044,0.075,0.063,0.069,0.086,0.025,0.066,0.071,0.06,0.087,0.049,0.041,0.056,0.079,0.071

>n344563
0.056,0.047,0.084,0.044,0.068,0.068,0.017,0.079,0.071,0.058,0.098,0.058,0.036,0.06,0.086,0.069

>n344569
0.073,0.047,0.073,0.061,0.069,0.06,0.012,0.081,0.064,0.048,0.065,0.057,0.048,0.067,0.084,0.092

>n344574
0.066,0.047,0.066,0.06,0.067,0.064,0.019,0.089,0.056,0.057,0.05,0.054,0.05,0.07,0.082,0.105

>n344578
0.123,0.053,0.074,0.08,0.068,0.039,0.014,0.06,0.063,0.041,0.045,0.049,0.077,0.048,0.064,0.101

>n344585
0.107,0.047,0.069,0.077,0.067,0.046,0.008,0.074,0.063,0.041,0.044,0.051,0.063,0.061,0.077,0.104

>n344588
0.042,0.048,0.076,0.035,0.073,0.1,0.032,0.079,0.062,0.076,0.098,0.059,0.024,0.06,0.089,0.045

>n344589
0.059,0.046,0.085,0.046,0.07,0.071,0.026,0.074,0.07,0.064,0.084,0.058,0.038,0.059,0.081,0.072

>n344598
0.081,0.053,0.065,0.082,0.07,0.057,0.011,0.077,0.056,0.041,0.038,0.051,0.074,0.063,0.073,0.106

>n344601
0.085,0.056,0.07,0.064,0.076,0.061,0.024,0.073,0.062,0.055,0.066,0.046,0.052,0.061,0.069,0.081

>n344604
0.078,0.044,0.067,0.076,0.069,0.057,0.011,0.074,0.057,0.046,0.056,0.056,0.06,0.063,0.081,0.106

>n344610
0.123,0.057,0.085,0.081,0.08,0.04,0.006,0.055,0.085,0.034,0.057,0.044,0.057,0.05,0.073,0.072

>n344612
0.085,0.052,0.072,0.04,0.063,0.073,0.053,0.076,0.074,0.079,0.079,0.044,0.026,0.062,0.072,0.049

>n344618
0.049,0.052,0.095,0.043,0.068,0.087,0.032,0.074,0.089,0.062,0.103,0.042,0.033,0.06,0.066,0.045

>n344621
0.084,0.05,0.062,0.078,0.067,0.065,0.006,0.079,0.052,0.041,0.042,0.055,0.07,0.061,0.08,0.108

>n344627
0.118,0.054,0.067,0.086,0.068,0.041,0.004,0.064,0.058,0.036,0.035,0.052,0.081,0.047,0.074,0.115

>n344628
0.066,0.035,0.064,0.074,0.063,0.054,0.011,0.078,0.053,0.038,0.064,0.062,0.057,0.08,0.077,0.124

>n344638
0.066,0.049,0.084,0.053,0.081,0.076,0.012,0.083,0.067,0.059,0.065,0.048,0.039,0.068,0.077,0.075

>n344644
0.071,0.06,0.085,0.059,0.092,0.065,0.014,0.073,0.069,0.057,0.066,0.046,0.042,0.062,0.073,0.066

>n344646
0.109,0.052,0.068,0.076,0.065,0.051,0.007,0.081,0.064,0.041,0.045,0.046,0.067,0.06,0.077,0.091

>n344649
0.1,0.048,0.078,0.073,0.079,0.056,0.025,0.064,0.067,0.065,0.053,0.045,0.054,0.054,0.074,0.069

>n344651
0.106,0.059,0.096,0.065,0.088,0.05,0.006,0.063,0.084,0.046,0.06,0.043,0.049,0.052,0.07,0.065

>n344652
0.12,0.045,0.064,0.092,0.071,0.046,0.007,0.063,0.053,0.04,0.038,0.049,0.076,0.056,0.071,0.11

>n344653
0.079,0.048,0.079,0.062,0.079,0.063,0.009,0.077,0.063,0.054,0.059,0.053,0.048,0.063,0.081,0.084

>n344656
0.069,0.047,0.081,0.056,0.083,0.074,0.014,0.079,0.061,0.06,0.067,0.05,0.039,0.069,0.077,0.072

>n344658
0.052,0.046,0.078,0.038,0.066,0.084,0.023,0.092,0.065,0.071,0.07,0.062,0.032,0.064,0.096,0.061

>n344659
0.102,0.044,0.065,0.087,0.057,0.04,0.006,0.067,0.055,0.033,0.039,0.057,0.084,0.053,0.073,0.138

>n344662
0.042,0.044,0.08,0.026,0.073,0.126,0.094,0.044,0.049,0.136,0.115,0.04,0.028,0.033,0.049,0.021

>n344664
0.092,0.067,0.057,0.07,0.071,0.053,0.02,0.077,0.074,0.047,0.05,0.046,0.047,0.054,0.092,0.083

>n344667
0.056,0.049,0.071,0.054,0.07,0.06,0.013,0.095,0.063,0.059,0.08,0.045,0.041,0.07,0.081,0.092

>n344675
0.062,0.038,0.094,0.038,0.066,0.078,0.022,0.083,0.071,0.075,0.085,0.051,0.033,0.058,0.082,0.064

>n344677
0.057,0.054,0.076,0.046,0.069,0.081,0.022,0.084,0.075,0.062,0.08,0.049,0.032,0.06,0.088,0.065

>n344678
0.101,0.046,0.069,0.081,0.062,0.042,0.007,0.072,0.059,0.036,0.043,0.055,0.075,0.059,0.074,0.12

>n344679
0.054,0.042,0.07,0.053,0.062,0.067,0.016,0.077,0.062,0.055,0.076,0.079,0.04,0.059,0.11,0.077

>n344687
0.092,0.048,0.103,0.067,0.08,0.052,0.01,0.059,0.106,0.042,0.057,0.045,0.034,0.058,0.08,0.066

>n344691
0.112,0.052,0.072,0.087,0.063,0.039,0.012,0.076,0.071,0.037,0.041,0.036,0.078,0.061,0.061,0.102

>n344693
0.085,0.043,0.07,0.07,0.061,0.05,0.014,0.074,0.06,0.045,0.055,0.056,0.062,0.06,0.077,0.119

>n344695
0.117,0.051,0.066,0.09,0.065,0.034,0.007,0.059,0.056,0.032,0.042,0.058,0.086,0.048,0.073,0.114

>n344699
0.066,0.057,0.079,0.049,0.081,0.07,0.029,0.071,0.068,0.063,0.087,0.049,0.036,0.06,0.072,0.062

>n344701
0.049,0.046,0.087,0.049,0.077,0.085,0.01,0.087,0.072,0.067,0.087,0.048,0.033,0.062,0.089,0.051

>n344703
0.105,0.046,0.068,0.091,0.068,0.038,0.004,0.071,0.06,0.036,0.037,0.048,0.078,0.061,0.072,0.114

>n344705
0.072,0.047,0.085,0.048,0.08,0.087,0.024,0.079,0.066,0.069,0.066,0.045,0.035,0.066,0.07,0.061

>n344709
0.09,0.049,0.064,0.086,0.071,0.05,0.007,0.071,0.059,0.039,0.042,0.05,0.07,0.06,0.077,0.113

>n344711
0.095,0.053,0.07,0.064,0.076,0.068,0.021,0.069,0.066,0.053,0.066,0.041,0.045,0.061,0.068,0.084

>n344719
0.094,0.05,0.075,0.076,0.074,0.056,0.006,0.075,0.065,0.039,0.042,0.051,0.062,0.066,0.074,0.097

>n344720
0.095,0.052,0.064,0.062,0.07,0.079,0.025,0.075,0.064,0.058,0.049,0.043,0.045,0.059,0.075,0.086

>n344721
0.078,0.052,0.084,0.047,0.073,0.071,0.035,0.068,0.077,0.064,0.08,0.05,0.033,0.06,0.072,0.056

>n344724
0.052,0.042,0.077,0.039,0.072,0.087,0.025,0.079,0.057,0.07,0.107,0.054,0.029,0.064,0.079,0.066

>n344726
0.043,0.034,0.09,0.039,0.067,0.091,0.017,0.089,0.067,0.075,0.122,0.051,0.029,0.064,0.086,0.036

>n344736
0.08,0.048,0.067,0.072,0.067,0.054,0.013,0.074,0.058,0.045,0.054,0.059,0.063,0.06,0.081,0.106

>n344741
0.113,0.039,0.067,0.074,0.069,0.045,0.014,0.059,0.055,0.04,0.051,0.064,0.055,0.064,0.077,0.114

>n344745
0.073,0.022,0.067,0.049,0.039,0.085,0.077,0.06,0.054,0.097,0.088,0.058,0.045,0.057,0.065,0.064

>n344748
0.049,0.039,0.082,0.044,0.071,0.082,0.023,0.077,0.072,0.065,0.088,0.063,0.022,0.069,0.094,0.061

>n344749
0.104,0.047,0.069,0.088,0.067,0.041,0.007,0.066,0.056,0.039,0.043,0.053,0.08,0.054,0.073,0.114

>n344755
0.096,0.058,0.071,0.066,0.079,0.066,0.009,0.069,0.06,0.044,0.051,0.052,0.056,0.055,0.076,0.091

>n344758
0.103,0.054,0.066,0.056,0.068,0.068,0.021,0.075,0.064,0.056,0.063,0.054,0.044,0.054,0.087,0.068

>n344760
0.085,0.049,0.061,0.047,0.067,0.095,0.037,0.07,0.057,0.062,0.087,0.05,0.034,0.062,0.071,0.065

>n344766
0.081,0.052,0.078,0.063,0.083,0.065,0.014,0.076,0.066,0.053,0.061,0.049,0.044,0.068,0.076,0.072

>n344768
0.095,0.054,0.075,0.072,0.075,0.061,0.022,0.062,0.069,0.061,0.055,0.046,0.057,0.044,0.079,0.074

>n344771
0.085,0.041,0.067,0.078,0.058,0.047,0.02,0.069,0.062,0.043,0.043,0.062,0.066,0.063,0.079,0.117

>n344772
0.092,0.048,0.079,0.075,0.074,0.046,0.014,0.065,0.071,0.045,0.054,0.055,0.057,0.061,0.078,0.085

>n344775
0.117,0.048,0.069,0.081,0.07,0.05,0.014,0.062,0.058,0.041,0.056,0.052,0.07,0.056,0.069,0.086

>n344778
0.098,0.047,0.069,0.077,0.063,0.046,0.009,0.071,0.058,0.041,0.047,0.055,0.072,0.055,0.077,0.116

>n344791
0.08,0.045,0.088,0.067,0.064,0.032,0.013,0.062,0.07,0.044,0.059,0.068,0.065,0.051,0.081,0.113

>n344793
0.124,0.05,0.069,0.087,0.064,0.041,0.008,0.063,0.064,0.036,0.047,0.048,0.077,0.049,0.072,0.103

>n344798
0.059,0.052,0.081,0.037,0.078,0.084,0.022,0.081,0.071,0.063,0.095,0.056,0.021,0.066,0.087,0.048

>n344799
0.085,0.045,0.073,0.064,0.058,0.049,0.03,0.067,0.071,0.056,0.06,0.059,0.053,0.054,0.083,0.093

>n344800
0.103,0.053,0.078,0.066,0.082,0.06,0.011,0.069,0.059,0.047,0.055,0.049,0.056,0.061,0.066,0.085

>n344803
0.059,0.049,0.066,0.068,0.067,0.061,0.021,0.084,0.064,0.053,0.056,0.048,0.053,0.07,0.078,0.103

>n344805
0.099,0.047,0.068,0.081,0.075,0.042,0.004,0.074,0.056,0.045,0.05,0.054,0.064,0.062,0.082,0.098

>n344807
0.063,0.056,0.063,0.048,0.073,0.08,0.027,0.087,0.046,0.064,0.063,0.055,0.048,0.066,0.076,0.088

>n344808
0.083,0.045,0.08,0.066,0.066,0.052,0.022,0.075,0.062,0.053,0.049,0.055,0.064,0.064,0.067,0.1

>n344810
0.085,0.056,0.077,0.057,0.073,0.072,0.014,0.075,0.069,0.051,0.068,0.056,0.048,0.056,0.085,0.058

>n344814
0.082,0.048,0.058,0.066,0.054,0.09,0.029,0.085,0.063,0.051,0.051,0.049,0.053,0.069,0.076,0.077

>n344817
0.08,0.054,0.067,0.066,0.077,0.065,0.022,0.069,0.056,0.054,0.067,0.054,0.053,0.061,0.076,0.078

>n344818
0.097,0.064,0.065,0.084,0.082,0.052,0.01,0.07,0.062,0.034,0.038,0.051,0.07,0.063,0.071,0.087

>n344848
0.049,0.055,0.069,0.067,0.081,0.064,0.037,0.072,0.054,0.074,0.047,0.044,0.056,0.06,0.067,0.104

>n344860
0.087,0.041,0.069,0.081,0.056,0.043,0.003,0.072,0.057,0.03,0.048,0.063,0.078,0.059,0.078,0.136

>n344861
0.085,0.057,0.061,0.072,0.081,0.067,0.014,0.083,0.043,0.049,0.04,0.05,0.066,0.072,0.066,0.093

>n344868
0.078,0.063,0.065,0.081,0.081,0.068,0.007,0.078,0.062,0.039,0.048,0.047,0.065,0.064,0.077,0.078

>n344871
0.077,0.042,0.084,0.053,0.069,0.072,0.014,0.074,0.061,0.049,0.067,0.063,0.049,0.067,0.074,0.085

>n344872
0.084,0.043,0.076,0.055,0.059,0.063,0.028,0.07,0.068,0.059,0.075,0.056,0.048,0.055,0.078,0.082

>n344875
0.086,0.052,0.071,0.071,0.071,0.05,0.01,0.072,0.058,0.044,0.056,0.057,0.065,0.057,0.077,0.105

>n344880
0.099,0.04,0.068,0.07,0.054,0.05,0.009,0.076,0.059,0.047,0.059,0.059,0.064,0.053,0.088,0.105

>n344885
0.094,0.04,0.061,0.095,0.061,0.038,0.007,0.065,0.055,0.037,0.044,0.054,0.081,0.056,0.078,0.135

>n344894
0.083,0.052,0.082,0.05,0.078,0.077,0.011,0.081,0.069,0.052,0.06,0.052,0.035,0.066,0.081,0.072

>n344899
0.079,0.044,0.076,0.072,0.069,0.052,0.008,0.082,0.065,0.049,0.051,0.056,0.057,0.066,0.086,0.088

>n344907
0.071,0.054,0.051,0.087,0.061,0.034,0.009,0.082,0.046,0.036,0.048,0.059,0.084,0.062,0.082,0.135

>n344909
0.061,0.044,0.061,0.069,0.074,0.074,0.014,0.079,0.049,0.053,0.056,0.051,0.052,0.07,0.077,0.115

>n344916
0.136,0.045,0.069,0.088,0.06,0.031,0.004,0.054,0.056,0.029,0.04,0.056,0.087,0.044,0.067,0.133

>n344924
0.097,0.053,0.068,0.083,0.077,0.044,0.006,0.073,0.066,0.034,0.04,0.048,0.062,0.069,0.073,0.109

>n344930
0.093,0.042,0.075,0.075,0.054,0.033,0.005,0.076,0.057,0.039,0.048,0.067,0.081,0.055,0.082,0.12

>n344931
0.072,0.044,0.064,0.069,0.07,0.058,0.009,0.078,0.059,0.055,0.061,0.06,0.047,0.058,0.101,0.095

>n344934
0.106,0.056,0.073,0.073,0.075,0.045,0.011,0.067,0.062,0.041,0.055,0.053,0.066,0.055,0.072,0.09

>n344939
0.072,0.057,0.078,0.053,0.08,0.063,0.01,0.088,0.06,0.056,0.067,0.049,0.048,0.066,0.077,0.076

>n344940
0.114,0.05,0.072,0.093,0.075,0.038,0.007,0.062,0.061,0.034,0.048,0.043,0.08,0.059,0.059,0.105

>n344941
0.053,0.034,0.073,0.038,0.059,0.092,0.037,0.073,0.065,0.079,0.104,0.06,0.021,0.057,0.093,0.061

>n344943
0.125,0.051,0.074,0.091,0.075,0.034,0.006,0.058,0.063,0.031,0.04,0.048,0.079,0.055,0.062,0.107

>n344949
0.096,0.072,0.076,0.102,0.089,0.028,0.006,0.046,0.056,0.022,0.043,0.052,0.106,0.046,0.048,0.113

>n344957
0.051,0.037,0.05,0.086,0.057,0.051,0.007,0.081,0.032,0.037,0.034,0.07,0.084,0.071,0.082,0.17

>n344958
0.079,0.051,0.06,0.074,0.076,0.059,0.012,0.077,0.051,0.045,0.049,0.052,0.059,0.068,0.076,0.111

>n344960
0.12,0.048,0.07,0.094,0.073,0.027,0.003,0.066,0.062,0.032,0.037,0.045,0.078,0.061,0.067,0.118

>n344963
0.097,0.047,0.068,0.077,0.069,0.056,0.016,0.066,0.053,0.047,0.052,0.051,0.07,0.057,0.067,0.108

>n344965
0.082,0.043,0.073,0.077,0.069,0.053,0.007,0.075,0.062,0.048,0.061,0.055,0.062,0.06,0.085,0.087

>n344971
0.079,0.051,0.062,0.08,0.069,0.049,0.01,0.077,0.056,0.04,0.039,0.055,0.068,0.066,0.077,0.121

>n344972
0.098,0.058,0.059,0.074,0.087,0.084,0.006,0.083,0.054,0.038,0.046,0.04,0.05,0.08,0.068,0.076

>n344975
0.095,0.046,0.068,0.077,0.068,0.04,0.01,0.065,0.058,0.041,0.045,0.064,0.064,0.056,0.085,0.118

>n344980
0.099,0.046,0.081,0.068,0.068,0.058,0.006,0.075,0.067,0.048,0.053,0.054,0.061,0.055,0.081,0.08

>n344986
0.071,0.053,0.068,0.055,0.079,0.075,0.025,0.072,0.059,0.06,0.066,0.054,0.039,0.063,0.08,0.081

>n344988
0.12,0.042,0.065,0.077,0.068,0.046,0.013,0.074,0.06,0.041,0.062,0.044,0.058,0.071,0.065,0.094

>n344992
0.06,0.025,0.046,0.087,0.048,0.047,0.009,0.093,0.046,0.033,0.037,0.053,0.064,0.092,0.077,0.181

>n344995
0.072,0.052,0.067,0.056,0.073,0.081,0.014,0.087,0.055,0.051,0.054,0.058,0.047,0.07,0.082,0.081

>n344996
0.116,0.049,0.07,0.072,0.072,0.052,0.007,0.07,0.058,0.045,0.047,0.048,0.062,0.056,0.073,0.102

>n345003
0.11,0.051,0.055,0.098,0.073,0.029,0.003,0.069,0.041,0.038,0.025,0.054,0.09,0.056,0.076,0.133

>n345006
0.091,0.05,0.075,0.073,0.066,0.041,0.004,0.076,0.065,0.034,0.048,0.057,0.067,0.061,0.078,0.114

>n345012
0.057,0.056,0.065,0.064,0.084,0.078,0.016,0.08,0.046,0.055,0.04,0.056,0.055,0.07,0.075,0.103

>n345014
0.089,0.049,0.07,0.075,0.071,0.062,0.004,0.075,0.057,0.044,0.043,0.052,0.067,0.057,0.079,0.106

>n345025
0.073,0.053,0.067,0.071,0.068,0.067,0.008,0.082,0.058,0.038,0.052,0.054,0.066,0.067,0.075,0.101

>n345026
0.092,0.058,0.069,0.078,0.09,0.058,0.016,0.063,0.055,0.057,0.036,0.053,0.061,0.053,0.079,0.081

>n345031
0.078,0.064,0.068,0.053,0.086,0.055,0.036,0.058,0.064,0.053,0.071,0.063,0.035,0.062,0.077,0.079

>n345032
0.04,0.042,0.071,0.035,0.062,0.102,0.04,0.087,0.056,0.074,0.081,0.058,0.031,0.072,0.076,0.072

>n345038
0.082,0.043,0.079,0.076,0.07,0.039,0.002,0.079,0.056,0.045,0.05,0.055,0.07,0.063,0.077,0.116

>n345040
0.085,0.049,0.063,0.077,0.068,0.049,0.012,0.072,0.049,0.038,0.044,0.061,0.072,0.065,0.074,0.121

>n345041
0.083,0.042,0.077,0.064,0.067,0.057,0.006,0.086,0.065,0.048,0.068,0.051,0.053,0.068,0.081,0.085

>n345044
0.128,0.05,0.077,0.074,0.076,0.047,0.012,0.071,0.064,0.049,0.055,0.046,0.061,0.06,0.071,0.06

>n345045
0.108,0.052,0.067,0.076,0.072,0.058,0.006,0.077,0.053,0.047,0.044,0.039,0.07,0.054,0.067,0.111

>n345046
0.082,0.046,0.08,0.069,0.062,0.043,0.012,0.071,0.071,0.038,0.044,0.064,0.062,0.061,0.081,0.113

>n345059
0.058,0.045,0.064,0.069,0.075,0.062,0.012,0.072,0.036,0.052,0.038,0.07,0.066,0.062,0.083,0.135

>n345068
0.063,0.041,0.072,0.05,0.059,0.075,0.049,0.069,0.069,0.079,0.072,0.051,0.035,0.057,0.078,0.08

>n345070
0.105,0.051,0.068,0.066,0.069,0.084,0.016,0.071,0.071,0.052,0.047,0.051,0.046,0.052,0.09,0.06

>n345077
0.046,0.052,0.076,0.036,0.073,0.111,0.041,0.083,0.065,0.083,0.075,0.046,0.026,0.063,0.077,0.048

>n345088
0.121,0.051,0.105,0.052,0.064,0.036,0.011,0.06,0.1,0.041,0.076,0.048,0.045,0.043,0.073,0.074

>n345091
0.112,0.058,0.08,0.076,0.059,0.024,0.009,0.055,0.08,0.033,0.052,0.058,0.075,0.034,0.08,0.115

>n345101
0.074,0.054,0.072,0.066,0.084,0.07,0.009,0.075,0.063,0.048,0.062,0.055,0.045,0.066,0.085,0.071

>n345105
0.09,0.052,0.061,0.085,0.075,0.035,0.009,0.066,0.045,0.035,0.029,0.075,0.077,0.063,0.085,0.117

>n345110
0.146,0.063,0.075,0.084,0.079,0.031,0.007,0.058,0.065,0.03,0.041,0.045,0.079,0.05,0.058,0.088

>n345117
0.071,0.051,0.067,0.073,0.074,0.052,0.009,0.089,0.052,0.055,0.047,0.046,0.064,0.066,0.077,0.106

>n345138
0.105,0.055,0.08,0.065,0.08,0.054,0.009,0.071,0.069,0.047,0.055,0.043,0.052,0.058,0.07,0.086

>n345139
0.075,0.051,0.078,0.066,0.073,0.054,0.009,0.08,0.08,0.048,0.057,0.051,0.043,0.063,0.092,0.08

>n345156
0.117,0.043,0.068,0.101,0.069,0.053,0.001,0.066,0.056,0.028,0.031,0.048,0.086,0.065,0.062,0.105

>n345157
0.084,0.049,0.073,0.064,0.075,0.063,0.012,0.08,0.056,0.048,0.059,0.051,0.055,0.069,0.07,0.09

>n345161
0.093,0.041,0.084,0.075,0.058,0.042,0.007,0.066,0.072,0.039,0.065,0.056,0.069,0.051,0.077,0.106

>n345168
0.158,0.062,0.062,0.068,0.073,0.04,0.002,0.062,0.062,0.023,0.021,0.06,0.056,0.055,0.081,0.115

>n345170
0.093,0.044,0.076,0.071,0.062,0.044,0.009,0.074,0.065,0.044,0.058,0.054,0.064,0.058,0.079,0.103

>n345173
0.097,0.055,0.086,0.065,0.074,0.05,0.014,0.068,0.071,0.049,0.07,0.043,0.06,0.052,0.064,0.084

>n345175
0.088,0.041,0.065,0.071,0.051,0.031,0.032,0.064,0.062,0.049,0.064,0.066,0.065,0.057,0.079,0.115

>n345179
0.068,0.044,0.077,0.047,0.064,0.075,0.014,0.076,0.067,0.057,0.1,0.054,0.037,0.053,0.087,0.079

>n345182
0.105,0.051,0.07,0.077,0.066,0.049,0.005,0.082,0.054,0.038,0.035,0.048,0.079,0.064,0.064,0.113

>n345185
0.086,0.05,0.063,0.072,0.067,0.048,0.008,0.084,0.049,0.041,0.043,0.053,0.069,0.068,0.072,0.128

>n345186
0.089,0.056,0.083,0.08,0.088,0.051,0.01,0.062,0.068,0.041,0.048,0.046,0.064,0.062,0.063,0.088

>n345207
0.073,0.05,0.07,0.075,0.084,0.063,0.012,0.067,0.052,0.053,0.054,0.056,0.06,0.06,0.08,0.092

>n345221
0.096,0.048,0.066,0.093,0.06,0.042,0.011,0.065,0.063,0.036,0.046,0.056,0.083,0.053,0.079,0.103

>n345222
0.103,0.053,0.061,0.091,0.068,0.035,0.005,0.066,0.057,0.032,0.033,0.053,0.08,0.054,0.075,0.133

>n345226
0.101,0.055,0.08,0.059,0.084,0.063,0.005,0.076,0.06,0.052,0.059,0.046,0.049,0.058,0.074,0.081

>n345229
0.137,0.057,0.085,0.066,0.082,0.044,0.015,0.038,0.093,0.051,0.072,0.051,0.032,0.03,0.095,0.053

>n345232
0.115,0.044,0.073,0.083,0.053,0.025,0.005,0.061,0.058,0.031,0.03,0.067,0.089,0.044,0.077,0.146

>n345246
0.094,0.044,0.071,0.083,0.059,0.04,0.008,0.067,0.063,0.036,0.042,0.057,0.076,0.054,0.077,0.128

>n345248
0.08,0.051,0.068,0.065,0.059,0.046,0.014,0.083,0.057,0.04,0.048,0.063,0.069,0.065,0.077,0.115

>n345249
0.041,0.031,0.077,0.049,0.058,0.075,0.019,0.079,0.067,0.072,0.109,0.069,0.031,0.054,0.111,0.058

>n345251
0.068,0.053,0.079,0.069,0.072,0.048,0.009,0.083,0.065,0.053,0.053,0.064,0.063,0.058,0.095,0.069

>n345255
0.086,0.064,0.055,0.074,0.078,0.065,0.011,0.081,0.048,0.049,0.043,0.051,0.067,0.057,0.082,0.089

>n345260
0.108,0.051,0.059,0.073,0.076,0.057,0.015,0.071,0.048,0.043,0.052,0.056,0.06,0.068,0.072,0.09

>n345270
0.091,0.051,0.056,0.077,0.081,0.072,0.005,0.089,0.053,0.036,0.04,0.042,0.05,0.089,0.071,0.096

>n345271
0.072,0.046,0.055,0.087,0.066,0.043,0.005,0.072,0.05,0.028,0.038,0.065,0.071,0.069,0.083,0.149

>n345277
0.111,0.048,0.075,0.07,0.066,0.045,0.005,0.074,0.067,0.031,0.049,0.059,0.059,0.066,0.078,0.097

>n345281
0.083,0.034,0.07,0.052,0.049,0.053,0.036,0.063,0.062,0.063,0.077,0.062,0.045,0.051,0.08,0.119

>n345288
0.029,0.047,0.064,0.047,0.061,0.104,0.05,0.072,0.076,0.078,0.109,0.05,0.02,0.058,0.09,0.045

>n345289
0.076,0.02,0.047,0.12,0.053,0.04,0.003,0.05,0.043,0.037,0.023,0.06,0.09,0.05,0.09,0.199

>n345293
0.069,0.057,0.071,0.056,0.08,0.073,0.014,0.091,0.061,0.059,0.057,0.048,0.042,0.069,0.083,0.071

>n345296
0.085,0.056,0.078,0.065,0.088,0.066,0.006,0.078,0.059,0.05,0.061,0.047,0.053,0.066,0.072,0.069

>n345297
0.075,0.05,0.06,0.067,0.071,0.069,0.011,0.092,0.051,0.042,0.047,0.053,0.055,0.082,0.075,0.1

>n345298
0.1,0.05,0.073,0.079,0.066,0.047,0.009,0.073,0.067,0.039,0.035,0.046,0.069,0.059,0.071,0.118

>n345304
0.104,0.049,0.072,0.076,0.069,0.047,0.009,0.067,0.059,0.043,0.054,0.053,0.069,0.052,0.075,0.103

>n345310
0.108,0.054,0.088,0.064,0.082,0.048,0.006,0.057,0.061,0.039,0.059,0.064,0.064,0.051,0.072,0.083

>n345322
0.045,0.046,0.076,0.042,0.073,0.09,0.025,0.081,0.062,0.071,0.091,0.059,0.029,0.062,0.09,0.057

>n345323
0.146,0.052,0.072,0.095,0.072,0.037,0.007,0.058,0.07,0.034,0.036,0.044,0.077,0.051,0.069,0.081

>n345334
0.09,0.05,0.086,0.06,0.073,0.048,0.015,0.067,0.077,0.053,0.079,0.057,0.046,0.052,0.085,0.062

>n345337
0.092,0.048,0.062,0.065,0.07,0.058,0.021,0.068,0.051,0.046,0.053,0.059,0.054,0.065,0.073,0.115

>n345338
0.109,0.046,0.071,0.075,0.079,0.046,0.016,0.054,0.058,0.035,0.04,0.063,0.056,0.066,0.071,0.115

>n345357
0.056,0.04,0.061,0.062,0.061,0.078,0.037,0.073,0.049,0.071,0.068,0.054,0.051,0.06,0.077,0.102

>n345373
0.103,0.047,0.062,0.086,0.064,0.043,0.006,0.066,0.052,0.037,0.041,0.057,0.08,0.052,0.078,0.128

>n345382
0.086,0.055,0.063,0.075,0.079,0.06,0.009,0.075,0.05,0.052,0.057,0.049,0.064,0.056,0.078,0.092

>n345385
0.079,0.038,0.068,0.078,0.052,0.046,0.007,0.073,0.059,0.039,0.051,0.062,0.073,0.056,0.085,0.133

>n345386
0.084,0.037,0.069,0.099,0.054,0.027,0.004,0.059,0.06,0.034,0.049,0.071,0.091,0.046,0.091,0.125

>n345387
0.074,0.047,0.089,0.058,0.077,0.063,0.008,0.073,0.073,0.049,0.074,0.052,0.044,0.062,0.076,0.081

>n345391
0.106,0.049,0.072,0.08,0.073,0.043,0.003,0.073,0.063,0.034,0.041,0.05,0.066,0.066,0.071,0.111

>n345395
0.128,0.063,0.062,0.099,0.076,0.04,0.006,0.064,0.059,0.031,0.03,0.04,0.089,0.053,0.061,0.1

>n345405
0.078,0.044,0.068,0.066,0.069,0.056,0.015,0.072,0.055,0.045,0.05,0.063,0.053,0.068,0.08,0.119

>n345408
0.075,0.061,0.072,0.065,0.076,0.07,0.019,0.07,0.074,0.05,0.061,0.053,0.049,0.053,0.086,0.066

>n345417
0.122,0.049,0.064,0.093,0.067,0.036,0.005,0.069,0.058,0.032,0.037,0.046,0.082,0.06,0.067,0.113

>n345418
0.113,0.052,0.063,0.072,0.071,0.043,0.009,0.071,0.052,0.045,0.052,0.055,0.064,0.053,0.081,0.104

>n345421
0.1,0.046,0.068,0.088,0.065,0.039,0.005,0.068,0.057,0.03,0.041,0.059,0.08,0.062,0.074,0.118

>n345422
0.064,0.045,0.089,0.048,0.076,0.078,0.016,0.079,0.067,0.062,0.077,0.051,0.039,0.063,0.076,0.071

>n345423
0.054,0.039,0.082,0.055,0.065,0.061,0.016,0.077,0.068,0.064,0.081,0.061,0.043,0.055,0.095,0.083

>n345424
0.068,0.053,0.07,0.059,0.074,0.063,0.013,0.087,0.052,0.051,0.059,0.057,0.056,0.071,0.077,0.091

>n345433
0.064,0.057,0.076,0.059,0.068,0.08,0.002,0.087,0.061,0.037,0.055,0.056,0.064,0.064,0.075,0.095

>n345437
0.097,0.051,0.062,0.079,0.061,0.032,0.008,0.068,0.057,0.038,0.053,0.061,0.075,0.047,0.087,0.124

>n345449
0.085,0.055,0.067,0.081,0.088,0.06,0.007,0.075,0.065,0.041,0.038,0.05,0.05,0.074,0.081,0.083

>n345455
0.112,0.051,0.077,0.067,0.075,0.058,0.012,0.069,0.059,0.048,0.059,0.046,0.061,0.057,0.063,0.085

>n345457
0.105,0.041,0.064,0.099,0.064,0.035,0.003,0.072,0.056,0.034,0.037,0.052,0.085,0.064,0.074,0.116

>n345458
0.094,0.042,0.063,0.093,0.061,0.041,0.005,0.07,0.054,0.03,0.041,0.059,0.082,0.064,0.076,0.123

>n345465
0.058,0.044,0.08,0.061,0.077,0.07,0.011,0.081,0.059,0.059,0.087,0.048,0.049,0.067,0.074,0.077

>n345468
0.096,0.044,0.082,0.057,0.057,0.055,0.015,0.075,0.072,0.046,0.074,0.056,0.055,0.056,0.077,0.083

>n345473
0.116,0.043,0.073,0.084,0.058,0.04,0.003,0.074,0.061,0.036,0.041,0.05,0.08,0.057,0.071,0.113

>n345474
0.118,0.045,0.051,0.091,0.055,0.043,0.005,0.079,0.047,0.024,0.029,0.052,0.085,0.07,0.067,0.139

>n345483
0.115,0.045,0.067,0.088,0.065,0.038,0.009,0.061,0.062,0.042,0.055,0.057,0.073,0.049,0.085,0.091

>n345486
0.059,0.047,0.083,0.033,0.065,0.08,0.042,0.069,0.071,0.074,0.116,0.049,0.027,0.055,0.069,0.063

>n345501
0.067,0.059,0.076,0.057,0.069,0.066,0.021,0.08,0.074,0.051,0.062,0.049,0.049,0.059,0.078,0.084

>n345502
0.085,0.051,0.063,0.077,0.077,0.053,0.007,0.074,0.049,0.047,0.051,0.057,0.065,0.06,0.083,0.101

>n345506
0.13,0.049,0.082,0.083,0.066,0.033,0.003,0.057,0.071,0.034,0.046,0.052,0.077,0.044,0.072,0.098

>n345516
0.107,0.048,0.062,0.091,0.054,0.032,0.006,0.067,0.052,0.027,0.031,0.065,0.095,0.051,0.075,0.138

>n345524
0.09,0.051,0.068,0.076,0.073,0.05,0.01,0.074,0.058,0.043,0.055,0.056,0.063,0.063,0.08,0.09

>n345527
0.093,0.05,0.063,0.08,0.075,0.038,0.008,0.071,0.045,0.044,0.039,0.058,0.072,0.061,0.076,0.128

>n345534
0.091,0.057,0.081,0.063,0.079,0.065,0.019,0.068,0.069,0.054,0.068,0.046,0.052,0.055,0.07,0.065

>n345544
0.102,0.049,0.072,0.087,0.063,0.036,0.006,0.071,0.066,0.036,0.046,0.049,0.078,0.056,0.073,0.11

>n345557
0.107,0.049,0.075,0.074,0.062,0.041,0.004,0.077,0.058,0.037,0.048,0.055,0.077,0.057,0.072,0.108

>n345558
0.138,0.052,0.062,0.105,0.066,0.04,0.008,0.06,0.06,0.029,0.027,0.044,0.093,0.053,0.063,0.099

>n345559
0.103,0.052,0.063,0.093,0.07,0.044,0.008,0.064,0.055,0.033,0.034,0.048,0.083,0.058,0.065,0.126

>n345568
0.08,0.054,0.082,0.076,0.082,0.063,0.007,0.06,0.068,0.042,0.072,0.053,0.062,0.052,0.075,0.071

>n345574
0.065,0.042,0.074,0.058,0.062,0.059,0.015,0.085,0.063,0.051,0.057,0.068,0.05,0.068,0.092,0.092

>n345580
0.066,0.045,0.074,0.058,0.066,0.056,0.013,0.081,0.058,0.055,0.063,0.062,0.053,0.06,0.088,0.102

>n345589
0.058,0.045,0.068,0.059,0.078,0.068,0.013,0.088,0.036,0.077,0.072,0.057,0.058,0.057,0.09,0.075

>n345594
0.111,0.055,0.069,0.074,0.078,0.045,0.007,0.071,0.059,0.038,0.045,0.049,0.061,0.063,0.07,0.104

>n345612
0.087,0.04,0.087,0.067,0.059,0.04,0.011,0.071,0.072,0.047,0.062,0.061,0.062,0.055,0.082,0.097

>n345613
0.096,0.05,0.077,0.082,0.069,0.034,0.008,0.059,0.077,0.04,0.061,0.064,0.063,0.046,0.096,0.078

>n345618
0.092,0.043,0.065,0.092,0.057,0.035,0.005,0.064,0.059,0.032,0.044,0.061,0.084,0.051,0.082,0.133

>n345622
0.071,0.039,0.069,0.071,0.056,0.049,0.011,0.07,0.054,0.046,0.049,0.064,0.069,0.053,0.085,0.142

>n345623
0.059,0.041,0.064,0.057,0.063,0.068,0.014,0.091,0.051,0.052,0.054,0.06,0.048,0.075,0.084,0.119

>n345630
0.11,0.058,0.076,0.066,0.083,0.042,0.013,0.066,0.068,0.049,0.058,0.052,0.05,0.055,0.079,0.074

>n345636
0.122,0.047,0.065,0.086,0.061,0.031,0.003,0.058,0.056,0.027,0.042,0.06,0.081,0.048,0.075,0.137

>n345637
0.05,0.058,0.084,0.065,0.106,0.056,0.012,0.075,0.081,0.061,0.076,0.036,0.018,0.073,0.084,0.065

>n345641
0.082,0.055,0.093,0.052,0.091,0.073,0.01,0.077,0.066,0.055,0.058,0.045,0.043,0.068,0.063,0.07

>n345647
0.107,0.053,0.059,0.1,0.067,0.039,0.002,0.073,0.049,0.026,0.022,0.048,0.096,0.063,0.062,0.133

>n345648
0.12,0.048,0.068,0.088,0.064,0.04,0.002,0.072,0.064,0.038,0.051,0.046,0.077,0.051,0.078,0.094

>n345653
0.123,0.045,0.055,0.093,0.063,0.039,0.005,0.066,0.047,0.032,0.039,0.052,0.082,0.057,0.071,0.132

>n345666
0.104,0.043,0.076,0.074,0.06,0.059,0.007,0.076,0.067,0.037,0.057,0.044,0.066,0.062,0.066,0.101

>n345668
0.099,0.043,0.08,0.083,0.065,0.04,0.006,0.071,0.07,0.038,0.052,0.049,0.071,0.06,0.071,0.104

>n345670
0.12,0.043,0.065,0.098,0.058,0.033,0.007,0.057,0.063,0.031,0.045,0.055,0.085,0.048,0.078,0.113

>n345674
0.228,0.053,0.102,0.074,0.063,0.013,0.008,0.041,0.102,0.028,0.02,0.046,0.063,0.03,0.066,0.063

>n345685
0.07,0.052,0.086,0.049,0.081,0.076,0.014,0.078,0.072,0.056,0.078,0.05,0.034,0.066,0.077,0.062

>n345686
0.099,0.06,0.067,0.058,0.063,0.064,0.031,0.07,0.077,0.044,0.044,0.052,0.045,0.061,0.076,0.09

>n345694
0.11,0.054,0.083,0.052,0.074,0.045,0.037,0.059,0.08,0.061,0.052,0.058,0.035,0.054,0.079,0.067

>n345696
0.087,0.034,0.078,0.053,0.064,0.057,0.028,0.072,0.061,0.066,0.061,0.07,0.04,0.064,0.093,0.072

>n345697
0.093,0.042,0.079,0.065,0.075,0.058,0.007,0.082,0.072,0.065,0.051,0.056,0.04,0.056,0.105,0.051

>n345701
0.13,0.067,0.087,0.067,0.052,0.03,0.007,0.074,0.082,0.033,0.043,0.058,0.087,0.033,0.078,0.072

>n345707
0.054,0.053,0.084,0.043,0.073,0.087,0.026,0.08,0.073,0.055,0.104,0.049,0.033,0.071,0.067,0.05

>n345721
0.054,0.056,0.091,0.028,0.074,0.067,0.05,0.078,0.045,0.101,0.063,0.056,0.056,0.045,0.06,0.076

>n345742
0.123,0.063,0.07,0.075,0.076,0.053,0.006,0.072,0.068,0.041,0.035,0.045,0.065,0.05,0.078,0.081

>n345746
0.083,0.035,0.073,0.057,0.054,0.054,0.025,0.064,0.067,0.061,0.067,0.057,0.045,0.051,0.083,0.124

>n345751
0.06,0.063,0.059,0.044,0.08,0.105,0.025,0.098,0.051,0.054,0.053,0.048,0.035,0.085,0.069,0.071

>n345754
0.092,0.06,0.102,0.039,0.106,0.095,0.018,0.071,0.071,0.081,0.039,0.046,0.025,0.053,0.078,0.025

>n345765
0.06,0.05,0.08,0.043,0.075,0.087,0.018,0.09,0.065,0.058,0.07,0.051,0.033,0.074,0.077,0.068

>n345777
0.071,0.047,0.079,0.055,0.065,0.064,0.018,0.085,0.067,0.058,0.071,0.052,0.048,0.064,0.079,0.075

>n345779
0.096,0.053,0.076,0.047,0.075,0.056,0.045,0.071,0.068,0.083,0.081,0.037,0.033,0.055,0.066,0.056

>n345781
0.091,0.041,0.077,0.048,0.058,0.075,0.046,0.063,0.072,0.067,0.09,0.042,0.036,0.059,0.059,0.075

>n345799
0.011,0.041,0.078,0.022,0.06,0.101,0.028,0.105,0.062,0.123,0.106,0.05,0.02,0.031,0.127,0.035

>n345800
0.066,0.044,0.08,0.05,0.064,0.089,0.024,0.081,0.065,0.062,0.094,0.041,0.046,0.063,0.063,0.067

>n345802
0.062,0.05,0.069,0.045,0.06,0.06,0.05,0.086,0.069,0.076,0.074,0.055,0.036,0.067,0.084,0.057

>n345807
0.053,0.046,0.089,0.025,0.072,0.09,0.061,0.07,0.072,0.105,0.1,0.048,0.015,0.052,0.075,0.029

>n345813
0.107,0.066,0.069,0.059,0.08,0.076,0.017,0.066,0.09,0.045,0.08,0.042,0.024,0.048,0.093,0.038

>n345823
0.105,0.05,0.072,0.089,0.072,0.042,0.008,0.06,0.063,0.039,0.047,0.052,0.077,0.051,0.073,0.1

>n345831
0.05,0.048,0.088,0.056,0.093,0.058,0.008,0.088,0.069,0.09,0.074,0.048,0.029,0.05,0.111,0.04

>n345832
0.08,0.043,0.075,0.062,0.073,0.052,0.02,0.073,0.064,0.057,0.074,0.053,0.043,0.065,0.08,0.086

>n345839
0.032,0.041,0.064,0.041,0.075,0.07,0.03,0.074,0.045,0.074,0.066,0.079,0.027,0.064,0.104,0.113

>n345847
0.086,0.057,0.067,0.073,0.084,0.068,0.012,0.07,0.058,0.051,0.052,0.05,0.055,0.058,0.08,0.078

>n345850
0.129,0.05,0.065,0.09,0.068,0.033,0.009,0.062,0.059,0.038,0.035,0.047,0.077,0.051,0.07,0.116

>n345852
0.038,0.058,0.079,0.03,0.086,0.11,0.027,0.092,0.057,0.079,0.097,0.045,0.023,0.068,0.076,0.035

>n345856
0.054,0.044,0.089,0.043,0.071,0.065,0.021,0.076,0.074,0.068,0.097,0.056,0.031,0.056,0.089,0.066

>n345861
0.058,0.062,0.084,0.08,0.076,0.022,0.027,0.062,0.116,0.04,0.076,0.044,0.036,0.062,0.093,0.062

>n345873
0.037,0.044,0.076,0.045,0.068,0.081,0.037,0.069,0.067,0.067,0.092,0.068,0.03,0.064,0.088,0.067

>n345879
0.056,0.053,0.065,0.066,0.071,0.068,0.026,0.076,0.058,0.055,0.074,0.059,0.054,0.064,0.082,0.073

