>n383172
0.071,0.045,0.06,0.081,0.053,0.048,0.018,0.073,0.062,0.044,0.047,0.061,0.07,0.056,0.088,0.122

>n383175
0.066,0.072,0.093,0.045,0.109,0.098,0.011,0.079,0.066,0.052,0.054,0.038,0.034,0.075,0.053,0.056

>n383179
0.06,0.043,0.065,0.054,0.064,0.089,0.02,0.082,0.05,0.049,0.061,0.061,0.048,0.074,0.075,0.107

>n383180
0.072,0.037,0.087,0.048,0.079,0.083,0.023,0.074,0.063,0.072,0.079,0.051,0.03,0.067,0.076,0.059

>n383184
0.078,0.049,0.068,0.059,0.074,0.078,0.017,0.079,0.057,0.053,0.053,0.05,0.045,0.068,0.076,0.098

>n383186
0.082,0.054,0.087,0.057,0.079,0.057,0.014,0.071,0.069,0.062,0.074,0.056,0.05,0.048,0.085,0.054

>n383190
0.107,0.05,0.088,0.055,0.072,0.063,0.017,0.064,0.072,0.049,0.068,0.06,0.049,0.053,0.076,0.058

>n383191
0.09,0.044,0.058,0.082,0.058,0.049,0.014,0.069,0.047,0.04,0.038,0.062,0.078,0.056,0.077,0.138

>n383209
0.095,0.051,0.072,0.06,0.071,0.077,0.021,0.072,0.075,0.054,0.06,0.041,0.036,0.058,0.078,0.081

>n383211
0.057,0.042,0.063,0.053,0.06,0.066,0.017,0.084,0.051,0.047,0.056,0.07,0.048,0.073,0.087,0.125

>n383218
0.078,0.046,0.073,0.06,0.073,0.064,0.019,0.075,0.059,0.058,0.072,0.051,0.047,0.062,0.077,0.086

>n383230
0.041,0.049,0.083,0.024,0.083,0.084,0.027,0.081,0.051,0.083,0.112,0.07,0.022,0.059,0.093,0.039

>n383231
0.082,0.045,0.07,0.063,0.069,0.058,0.016,0.068,0.064,0.05,0.05,0.064,0.045,0.059,0.09,0.108

>n383233
0.076,0.045,0.072,0.051,0.066,0.071,0.014,0.08,0.058,0.051,0.047,0.066,0.044,0.064,0.09,0.102

>n383234
0.078,0.041,0.076,0.061,0.059,0.054,0.026,0.066,0.07,0.053,0.064,0.065,0.049,0.057,0.086,0.095

>n383236
0.045,0.049,0.068,0.045,0.066,0.083,0.028,0.075,0.06,0.066,0.081,0.061,0.035,0.055,0.091,0.091

>n383265
0.086,0.054,0.075,0.065,0.07,0.057,0.02,0.07,0.065,0.054,0.066,0.053,0.059,0.052,0.077,0.076

>n383314
0.079,0.05,0.068,0.077,0.078,0.051,0.018,0.07,0.059,0.05,0.051,0.047,0.059,0.066,0.069,0.108

>n383327
0.067,0.037,0.054,0.062,0.065,0.09,0.025,0.078,0.043,0.066,0.055,0.057,0.045,0.064,0.088,0.105

>n383428
0.087,0.036,0.072,0.074,0.064,0.042,0.007,0.07,0.059,0.037,0.041,0.061,0.059,0.068,0.077,0.146

>n383460
0.049,0.087,0.073,0.04,0.12,0.093,0.019,0.081,0.046,0.07,0.059,0.051,0.033,0.064,0.075,0.044

>n383496
0.047,0.047,0.052,0.076,0.07,0.073,0.009,0.086,0.043,0.041,0.047,0.057,0.062,0.076,0.081,0.133

>n383509
0.089,0.048,0.048,0.125,0.077,0.047,0.004,0.054,0.039,0.03,0.027,0.06,0.104,0.058,0.078,0.115

>n383521
0.049,0.035,0.075,0.052,0.054,0.051,0.023,0.073,0.064,0.057,0.093,0.064,0.045,0.058,0.087,0.119

>n383550
0.101,0.052,0.073,0.072,0.071,0.046,0.016,0.066,0.062,0.041,0.057,0.057,0.063,0.06,0.071,0.094

>n383551
0.112,0.053,0.08,0.087,0.093,0.032,0.008,0.043,0.074,0.033,0.041,0.06,0.053,0.058,0.079,0.094

>n383556
0.072,0.052,0.07,0.062,0.084,0.069,0.03,0.067,0.05,0.066,0.061,0.052,0.05,0.062,0.069,0.084

>n383560
0.062,0.057,0.053,0.068,0.073,0.062,0.022,0.085,0.053,0.042,0.048,0.061,0.051,0.082,0.082,0.099

>n383565
0.075,0.061,0.065,0.062,0.075,0.071,0.031,0.07,0.069,0.049,0.065,0.063,0.044,0.065,0.086,0.052

>n383567
0.063,0.039,0.055,0.073,0.054,0.048,0.003,0.098,0.046,0.038,0.041,0.059,0.066,0.079,0.085,0.154

>n383603
0.072,0.069,0.057,0.056,0.076,0.092,0.047,0.066,0.071,0.071,0.055,0.039,0.034,0.049,0.078,0.068

>n383605
0.075,0.05,0.077,0.067,0.07,0.055,0.006,0.077,0.075,0.051,0.071,0.047,0.049,0.051,0.09,0.09

>n383634
0.102,0.052,0.061,0.08,0.069,0.046,0.008,0.072,0.049,0.034,0.044,0.061,0.075,0.063,0.076,0.109

>n383639
0.092,0.04,0.066,0.077,0.064,0.048,0.012,0.069,0.063,0.045,0.058,0.053,0.056,0.06,0.083,0.114

>n383693
0.073,0.058,0.049,0.068,0.078,0.054,0.016,0.087,0.046,0.049,0.047,0.057,0.051,0.074,0.087,0.107

>n383714
0.095,0.058,0.099,0.054,0.083,0.05,0.009,0.073,0.084,0.051,0.055,0.042,0.042,0.058,0.069,0.078

>n383718
0.054,0.05,0.062,0.058,0.073,0.084,0.014,0.106,0.055,0.058,0.053,0.043,0.042,0.084,0.081,0.084

>n383723
0.098,0.047,0.085,0.085,0.07,0.041,0.023,0.058,0.076,0.059,0.047,0.041,0.071,0.045,0.067,0.089

>n383730
0.181,0.054,0.11,0.076,0.063,0.019,0.008,0.041,0.095,0.028,0.063,0.042,0.083,0.03,0.046,0.06

>n383747
0.104,0.044,0.052,0.098,0.068,0.029,0.005,0.064,0.046,0.031,0.029,0.057,0.079,0.061,0.078,0.155

>n383749
0.084,0.048,0.065,0.048,0.058,0.084,0.032,0.083,0.06,0.067,0.06,0.054,0.044,0.058,0.084,0.074

>n383773
0.061,0.043,0.074,0.047,0.065,0.076,0.063,0.064,0.065,0.09,0.092,0.04,0.035,0.059,0.058,0.068

>n383794
0.093,0.056,0.067,0.071,0.068,0.059,0.02,0.073,0.06,0.056,0.047,0.052,0.066,0.049,0.081,0.079

>n383795
0.075,0.044,0.068,0.075,0.077,0.08,0.01,0.074,0.055,0.052,0.043,0.052,0.055,0.066,0.08,0.094

>n383802
0.097,0.042,0.062,0.101,0.058,0.033,0.009,0.07,0.06,0.034,0.032,0.049,0.086,0.061,0.072,0.136

>n383805
0.112,0.062,0.069,0.074,0.075,0.056,0.005,0.068,0.055,0.036,0.044,0.042,0.073,0.05,0.06,0.119

>n383828
0.071,0.051,0.057,0.062,0.064,0.059,0.009,0.096,0.047,0.042,0.051,0.059,0.059,0.075,0.083,0.115

>n383862
0.064,0.042,0.068,0.051,0.059,0.055,0.017,0.093,0.072,0.064,0.055,0.081,0.03,0.068,0.127,0.055

>n383884
0.079,0.043,0.079,0.056,0.072,0.066,0.03,0.074,0.069,0.076,0.08,0.044,0.037,0.056,0.08,0.058

>n383906
0.042,0.045,0.056,0.054,0.067,0.078,0.011,0.098,0.053,0.056,0.075,0.064,0.034,0.075,0.106,0.086

>n383932
0.088,0.044,0.07,0.061,0.082,0.082,0.008,0.077,0.06,0.052,0.066,0.051,0.033,0.071,0.085,0.071

>n383958
0.086,0.053,0.096,0.061,0.098,0.082,0.017,0.073,0.079,0.073,0.044,0.028,0.032,0.062,0.068,0.048

>n383986
0.159,0.052,0.043,0.15,0.065,0.016,0.002,0.047,0.054,0.016,0.011,0.029,0.128,0.047,0.054,0.128

>n383994
0.087,0.046,0.061,0.086,0.065,0.045,0.012,0.064,0.052,0.036,0.043,0.064,0.077,0.059,0.079,0.124

>n384011
0.094,0.056,0.073,0.071,0.083,0.058,0.006,0.069,0.065,0.04,0.06,0.046,0.052,0.062,0.071,0.094

>n384026
0.038,0.039,0.061,0.043,0.063,0.082,0.023,0.091,0.045,0.065,0.073,0.072,0.035,0.073,0.098,0.099

>n384030
0.075,0.068,0.081,0.032,0.081,0.08,0.037,0.078,0.075,0.072,0.089,0.05,0.024,0.057,0.079,0.023

>n384073
0.044,0.047,0.077,0.034,0.071,0.115,0.029,0.089,0.066,0.074,0.09,0.047,0.021,0.067,0.081,0.046

>n384082
0.044,0.065,0.077,0.034,0.088,0.114,0.041,0.078,0.066,0.083,0.086,0.037,0.022,0.059,0.069,0.039

>n384083
0.131,0.055,0.082,0.081,0.088,0.051,0.02,0.054,0.078,0.051,0.056,0.034,0.052,0.054,0.063,0.051

>n384091
0.042,0.051,0.072,0.039,0.073,0.098,0.055,0.073,0.071,0.096,0.09,0.044,0.018,0.054,0.083,0.039

>n384112
0.042,0.05,0.092,0.048,0.102,0.117,0.018,0.067,0.061,0.076,0.06,0.054,0.026,0.061,0.082,0.043

>n384121
0.089,0.066,0.085,0.048,0.085,0.061,0.024,0.065,0.073,0.062,0.085,0.051,0.041,0.047,0.076,0.042

>n384132
0.103,0.037,0.077,0.066,0.067,0.044,0.012,0.063,0.056,0.052,0.073,0.062,0.056,0.054,0.08,0.096

>n384140
0.078,0.047,0.075,0.062,0.062,0.059,0.006,0.087,0.062,0.046,0.069,0.053,0.06,0.063,0.079,0.091

>n384175
0.038,0.041,0.067,0.054,0.065,0.079,0.036,0.082,0.052,0.077,0.081,0.051,0.044,0.063,0.078,0.092

>n384190
0.065,0.051,0.086,0.04,0.067,0.069,0.039,0.079,0.077,0.081,0.091,0.05,0.033,0.053,0.082,0.037

>n384198
0.077,0.054,0.082,0.055,0.068,0.058,0.024,0.068,0.079,0.046,0.068,0.051,0.043,0.061,0.068,0.097

>n384200
0.089,0.047,0.085,0.074,0.072,0.046,0.03,0.055,0.072,0.064,0.061,0.044,0.062,0.046,0.065,0.087

>n384202
0.094,0.046,0.067,0.099,0.06,0.036,0.006,0.068,0.057,0.05,0.034,0.043,0.096,0.037,0.077,0.128

>n384209
0.068,0.048,0.063,0.068,0.06,0.054,0.02,0.079,0.062,0.047,0.062,0.054,0.057,0.063,0.081,0.116

>n384210
0.104,0.041,0.061,0.088,0.056,0.038,0.009,0.072,0.055,0.046,0.04,0.052,0.079,0.05,0.083,0.125

>n384212
0.101,0.046,0.074,0.077,0.061,0.042,0.012,0.061,0.063,0.042,0.048,0.061,0.073,0.046,0.08,0.113

>n384213
0.064,0.05,0.069,0.061,0.082,0.071,0.018,0.078,0.053,0.064,0.061,0.053,0.044,0.064,0.083,0.085

>n384215
0.045,0.064,0.075,0.037,0.086,0.125,0.025,0.095,0.061,0.074,0.067,0.04,0.029,0.067,0.076,0.035

>n384227
0.08,0.051,0.067,0.077,0.074,0.042,0.006,0.063,0.042,0.045,0.031,0.071,0.078,0.047,0.085,0.142

>n384228
0.102,0.052,0.063,0.059,0.077,0.048,0.037,0.063,0.058,0.07,0.069,0.051,0.039,0.054,0.079,0.08

>n384233
0.038,0.052,0.057,0.027,0.072,0.132,0.045,0.099,0.047,0.092,0.097,0.041,0.017,0.072,0.077,0.034

>n384234
0.1,0.047,0.047,0.075,0.056,0.019,0.008,0.061,0.028,0.039,0.045,0.092,0.086,0.039,0.1,0.156

>n384270
0.109,0.042,0.067,0.084,0.059,0.036,0.01,0.065,0.058,0.038,0.047,0.056,0.076,0.055,0.075,0.123

>n384285
0.116,0.044,0.08,0.076,0.061,0.042,0.008,0.061,0.096,0.041,0.06,0.045,0.043,0.046,0.093,0.089

>n384290
0.069,0.047,0.074,0.072,0.073,0.073,0.01,0.079,0.053,0.05,0.053,0.057,0.067,0.065,0.075,0.086

>n384320
0.078,0.058,0.081,0.047,0.084,0.069,0.011,0.087,0.067,0.055,0.071,0.048,0.035,0.069,0.079,0.06

>n384321
0.069,0.048,0.084,0.049,0.079,0.069,0.018,0.077,0.067,0.061,0.082,0.051,0.035,0.064,0.078,0.069

>n384325
0.102,0.055,0.07,0.077,0.073,0.046,0.009,0.067,0.065,0.046,0.058,0.055,0.064,0.048,0.087,0.077

>n384327
0.062,0.05,0.063,0.066,0.066,0.072,0.021,0.085,0.055,0.063,0.068,0.045,0.057,0.059,0.079,0.088

>n384332
0.114,0.043,0.058,0.069,0.066,0.051,0.011,0.069,0.05,0.047,0.054,0.06,0.054,0.055,0.088,0.112

>n384348
0.108,0.048,0.082,0.065,0.072,0.058,0.013,0.067,0.075,0.049,0.056,0.051,0.049,0.055,0.08,0.071

>n384353
0.112,0.058,0.095,0.06,0.072,0.058,0.034,0.055,0.104,0.055,0.057,0.032,0.037,0.048,0.062,0.06

>n384393
0.074,0.047,0.074,0.054,0.06,0.06,0.014,0.085,0.065,0.052,0.063,0.056,0.05,0.06,0.086,0.099

>n384395
0.052,0.05,0.073,0.061,0.074,0.05,0.029,0.074,0.073,0.069,0.078,0.051,0.036,0.058,0.092,0.079

>n384398
0.06,0.059,0.083,0.05,0.085,0.071,0.017,0.086,0.066,0.065,0.065,0.05,0.04,0.065,0.082,0.056

>n384422
0.107,0.054,0.08,0.077,0.079,0.046,0.008,0.063,0.08,0.04,0.055,0.044,0.052,0.056,0.076,0.081

>n384430
0.084,0.049,0.07,0.076,0.071,0.051,0.008,0.066,0.06,0.04,0.057,0.068,0.064,0.057,0.09,0.089

>n384480
0.124,0.047,0.062,0.095,0.068,0.03,0.005,0.068,0.059,0.041,0.036,0.052,0.077,0.052,0.085,0.1

>n384484
0.065,0.049,0.05,0.079,0.068,0.054,0.012,0.071,0.043,0.039,0.04,0.071,0.068,0.063,0.09,0.136

>n384496
0.045,0.049,0.072,0.03,0.096,0.127,0.018,0.117,0.032,0.088,0.06,0.034,0.023,0.095,0.064,0.049

>n384498
0.041,0.055,0.063,0.04,0.074,0.106,0.024,0.091,0.057,0.076,0.096,0.043,0.027,0.058,0.088,0.06

>n384533
0.088,0.057,0.08,0.063,0.078,0.06,0.012,0.075,0.081,0.049,0.057,0.053,0.041,0.059,0.091,0.054

>n384536
0.087,0.059,0.074,0.073,0.076,0.058,0.004,0.08,0.062,0.044,0.041,0.048,0.068,0.057,0.076,0.091

>n384558
0.097,0.056,0.064,0.083,0.08,0.045,0.013,0.062,0.058,0.038,0.047,0.055,0.066,0.061,0.074,0.102

>n384573
0.05,0.049,0.076,0.034,0.08,0.106,0.027,0.087,0.062,0.074,0.087,0.05,0.016,0.072,0.084,0.044

>n384580
0.09,0.055,0.072,0.055,0.075,0.067,0.023,0.078,0.062,0.06,0.061,0.046,0.045,0.061,0.072,0.079

>n384605
0.07,0.074,0.057,0.051,0.083,0.096,0.042,0.072,0.07,0.067,0.056,0.041,0.03,0.055,0.078,0.058

>n384624
0.107,0.042,0.085,0.052,0.078,0.081,0.04,0.045,0.069,0.072,0.072,0.054,0.033,0.05,0.071,0.05

>n384625
0.119,0.043,0.058,0.102,0.055,0.03,0.004,0.06,0.052,0.026,0.027,0.055,0.098,0.049,0.071,0.15

>n384643
0.086,0.044,0.067,0.08,0.062,0.042,0.019,0.063,0.058,0.043,0.047,0.065,0.072,0.056,0.08,0.115

>n384655
0.09,0.062,0.075,0.043,0.076,0.061,0.027,0.071,0.069,0.058,0.076,0.054,0.035,0.055,0.078,0.07

>n384656
0.111,0.054,0.093,0.06,0.102,0.069,0.009,0.069,0.072,0.054,0.054,0.036,0.033,0.072,0.06,0.054

>n384684
0.095,0.041,0.08,0.08,0.066,0.047,0.009,0.056,0.062,0.041,0.048,0.058,0.073,0.049,0.073,0.123

>n384686
0.101,0.053,0.07,0.083,0.065,0.03,0.019,0.054,0.058,0.045,0.04,0.066,0.082,0.041,0.08,0.113

>n384690
0.082,0.052,0.082,0.063,0.07,0.053,0.021,0.067,0.076,0.055,0.068,0.049,0.05,0.051,0.077,0.083

>n384700
0.113,0.055,0.064,0.08,0.065,0.045,0.016,0.057,0.066,0.034,0.064,0.052,0.068,0.048,0.071,0.1

>n384703
0.078,0.046,0.068,0.071,0.065,0.06,0.02,0.07,0.06,0.053,0.064,0.056,0.06,0.056,0.081,0.091

>n384720
0.112,0.054,0.08,0.072,0.075,0.051,0.006,0.07,0.06,0.038,0.044,0.05,0.072,0.058,0.063,0.094

>n384738
0.081,0.1,0.039,0.081,0.094,0.107,0.02,0.114,0.026,0.043,0.016,0.018,0.099,0.086,0.029,0.046

>n384742
0.04,0.045,0.07,0.04,0.065,0.04,0.005,0.08,0.055,0.055,0.07,0.111,0.03,0.05,0.146,0.095

>n384750
0.073,0.054,0.085,0.049,0.084,0.084,0.015,0.076,0.065,0.061,0.078,0.045,0.038,0.061,0.071,0.06

>n384754
0.107,0.052,0.058,0.092,0.064,0.038,0.004,0.069,0.056,0.026,0.037,0.05,0.083,0.059,0.069,0.136

>n384755
0.11,0.058,0.081,0.065,0.076,0.049,0.016,0.053,0.068,0.053,0.081,0.058,0.061,0.033,0.081,0.057

>n384757
0.057,0.051,0.082,0.051,0.078,0.052,0.008,0.086,0.057,0.058,0.048,0.064,0.051,0.064,0.086,0.107

>n384758
0.084,0.048,0.073,0.061,0.072,0.058,0.016,0.071,0.058,0.058,0.06,0.061,0.052,0.053,0.09,0.086

>n384767
0.062,0.031,0.047,0.09,0.055,0.034,0.005,0.068,0.044,0.028,0.036,0.065,0.069,0.07,0.085,0.209

>n384770
0.098,0.044,0.056,0.096,0.057,0.034,0.006,0.065,0.047,0.029,0.036,0.065,0.092,0.054,0.079,0.143

>n384841
0.068,0.056,0.08,0.051,0.078,0.066,0.025,0.073,0.069,0.062,0.066,0.064,0.04,0.058,0.089,0.056

>n384858
0.1,0.057,0.077,0.068,0.083,0.059,0.008,0.067,0.062,0.047,0.057,0.05,0.056,0.054,0.076,0.079

>n384927
0.08,0.042,0.087,0.057,0.07,0.069,0.006,0.071,0.063,0.04,0.063,0.067,0.052,0.066,0.076,0.089

>n384936
0.092,0.049,0.071,0.064,0.077,0.065,0.007,0.078,0.054,0.054,0.055,0.054,0.054,0.058,0.083,0.086

>n384946
0.102,0.054,0.074,0.061,0.069,0.063,0.021,0.073,0.065,0.054,0.061,0.044,0.055,0.054,0.068,0.081

>n384964
0.059,0.045,0.071,0.054,0.07,0.072,0.022,0.083,0.055,0.071,0.07,0.056,0.046,0.059,0.088,0.081

>n384975
0.114,0.054,0.088,0.071,0.073,0.046,0.012,0.07,0.083,0.049,0.061,0.038,0.056,0.053,0.071,0.06

>n384996
0.073,0.049,0.075,0.058,0.061,0.054,0.011,0.08,0.057,0.047,0.051,0.059,0.063,0.056,0.078,0.128

>n385002
0.072,0.05,0.071,0.06,0.07,0.067,0.018,0.075,0.053,0.055,0.052,0.058,0.06,0.058,0.076,0.104

>n385036
0.077,0.054,0.079,0.057,0.085,0.065,0.012,0.082,0.066,0.052,0.058,0.041,0.04,0.072,0.069,0.088

>n385039
0.105,0.061,0.064,0.074,0.08,0.041,0.01,0.071,0.058,0.03,0.04,0.055,0.062,0.069,0.068,0.111

>n385044
0.071,0.048,0.072,0.059,0.075,0.058,0.016,0.084,0.058,0.056,0.06,0.059,0.046,0.07,0.085,0.084

>n385059
0.108,0.05,0.089,0.075,0.075,0.047,0.007,0.064,0.083,0.045,0.063,0.049,0.055,0.051,0.082,0.058

>n385064
0.039,0.043,0.085,0.023,0.076,0.104,0.039,0.083,0.056,0.097,0.094,0.056,0.02,0.057,0.086,0.042

>n385069
0.118,0.042,0.068,0.077,0.057,0.044,0.015,0.065,0.062,0.045,0.049,0.052,0.068,0.05,0.075,0.112

>n385102
0.06,0.047,0.076,0.05,0.072,0.079,0.029,0.081,0.058,0.073,0.072,0.049,0.043,0.062,0.075,0.073

>n385106
0.111,0.049,0.07,0.086,0.066,0.034,0.007,0.065,0.071,0.038,0.053,0.052,0.069,0.051,0.085,0.092

>n385119
0.087,0.053,0.063,0.059,0.067,0.086,0.025,0.087,0.049,0.059,0.042,0.038,0.059,0.067,0.059,0.101

>n385123
0.079,0.047,0.056,0.078,0.066,0.057,0.016,0.076,0.05,0.045,0.052,0.05,0.065,0.066,0.073,0.123

>n385130
0.08,0.054,0.08,0.053,0.073,0.067,0.02,0.082,0.06,0.062,0.06,0.053,0.052,0.06,0.075,0.069

>n385139
0.111,0.044,0.071,0.081,0.062,0.046,0.025,0.062,0.066,0.053,0.046,0.041,0.068,0.051,0.064,0.11

>n385140
0.115,0.046,0.06,0.095,0.064,0.053,0.008,0.065,0.057,0.034,0.04,0.052,0.08,0.058,0.074,0.098

>n385145
0.06,0.039,0.087,0.048,0.061,0.062,0.017,0.078,0.069,0.059,0.083,0.068,0.043,0.058,0.093,0.076

>n385150
0.086,0.053,0.069,0.062,0.076,0.065,0.019,0.08,0.064,0.057,0.058,0.041,0.045,0.065,0.074,0.085

>n385185
0.102,0.044,0.062,0.094,0.058,0.033,0.004,0.066,0.056,0.032,0.037,0.058,0.086,0.052,0.08,0.135

>n385187
0.084,0.077,0.05,0.05,0.087,0.112,0.018,0.104,0.042,0.049,0.039,0.034,0.048,0.083,0.057,0.065

>n385188
0.049,0.05,0.076,0.025,0.07,0.11,0.054,0.076,0.063,0.084,0.104,0.05,0.017,0.067,0.066,0.039

>n385192
0.075,0.051,0.087,0.062,0.083,0.065,0.014,0.074,0.076,0.062,0.055,0.045,0.042,0.058,0.081,0.071

>n385195
0.056,0.047,0.083,0.055,0.083,0.065,0.022,0.071,0.075,0.069,0.063,0.053,0.028,0.06,0.091,0.079

>n385202
0.034,0.04,0.06,0.033,0.079,0.132,0.033,0.115,0.033,0.094,0.066,0.039,0.022,0.092,0.073,0.057

>n385203
0.085,0.053,0.09,0.057,0.073,0.053,0.025,0.062,0.082,0.058,0.073,0.05,0.045,0.049,0.075,0.07

>n385204
0.1,0.062,0.074,0.061,0.073,0.077,0.023,0.074,0.082,0.051,0.044,0.04,0.042,0.057,0.076,0.063

>n385210
0.112,0.044,0.07,0.066,0.057,0.044,0.03,0.065,0.069,0.054,0.06,0.059,0.054,0.054,0.081,0.081

>n385218
0.042,0.042,0.079,0.038,0.07,0.101,0.023,0.079,0.059,0.07,0.1,0.058,0.03,0.059,0.085,0.065

>n385219
0.072,0.057,0.068,0.056,0.074,0.082,0.021,0.088,0.067,0.043,0.052,0.056,0.038,0.085,0.076,0.066

>n385223
0.076,0.044,0.071,0.069,0.072,0.054,0.026,0.063,0.061,0.057,0.078,0.052,0.05,0.06,0.072,0.095

>n385224
0.051,0.061,0.071,0.038,0.09,0.135,0.04,0.08,0.055,0.09,0.061,0.039,0.025,0.059,0.073,0.032

>n385225
0.074,0.051,0.067,0.063,0.072,0.089,0.023,0.078,0.066,0.047,0.054,0.051,0.043,0.074,0.075,0.072

>n385229
0.123,0.045,0.048,0.106,0.06,0.026,0.004,0.053,0.042,0.027,0.025,0.063,0.097,0.046,0.08,0.154

>n385240
0.036,0.042,0.066,0.05,0.075,0.085,0.033,0.086,0.059,0.077,0.089,0.057,0.024,0.076,0.093,0.052

>n385245
0.111,0.057,0.061,0.088,0.066,0.028,0.008,0.075,0.053,0.031,0.039,0.048,0.088,0.06,0.064,0.122

>n385255
0.15,0.058,0.047,0.103,0.066,0.027,0.002,0.072,0.037,0.031,0.039,0.037,0.103,0.051,0.056,0.121

>n385256
0.097,0.053,0.066,0.069,0.069,0.042,0.004,0.078,0.061,0.042,0.062,0.05,0.059,0.058,0.082,0.108

>n385261
0.079,0.053,0.054,0.086,0.073,0.05,0.009,0.071,0.041,0.039,0.041,0.062,0.079,0.062,0.078,0.125

>n385272
0.072,0.041,0.07,0.07,0.063,0.071,0.005,0.093,0.055,0.042,0.048,0.056,0.063,0.077,0.078,0.095

>n385273
0.07,0.048,0.07,0.057,0.085,0.09,0.011,0.083,0.051,0.053,0.053,0.056,0.039,0.077,0.079,0.077

>n385274
0.077,0.055,0.071,0.054,0.071,0.08,0.023,0.082,0.065,0.063,0.066,0.051,0.043,0.06,0.083,0.057

>n385287
0.095,0.061,0.071,0.065,0.071,0.057,0.014,0.078,0.072,0.042,0.059,0.047,0.054,0.061,0.075,0.077

>n385291
0.1,0.042,0.06,0.084,0.062,0.04,0.01,0.059,0.055,0.033,0.049,0.067,0.069,0.056,0.087,0.127

>n385302
0.145,0.036,0.101,0.097,0.066,0.024,0.003,0.041,0.089,0.026,0.047,0.049,0.078,0.049,0.06,0.091

>n385310
0.108,0.066,0.081,0.06,0.096,0.053,0.031,0.056,0.081,0.063,0.062,0.036,0.029,0.054,0.069,0.054

>n385315
0.104,0.057,0.071,0.054,0.069,0.06,0.032,0.062,0.066,0.058,0.077,0.055,0.046,0.049,0.076,0.065

>n385318
0.057,0.046,0.058,0.055,0.064,0.057,0.016,0.087,0.044,0.05,0.057,0.069,0.051,0.071,0.09,0.129

>n385370
0.097,0.039,0.057,0.097,0.061,0.039,0.002,0.066,0.052,0.032,0.043,0.05,0.08,0.058,0.075,0.153

>n385405
0.079,0.056,0.071,0.082,0.084,0.047,0.007,0.078,0.063,0.041,0.041,0.048,0.062,0.072,0.074,0.096

>n385408
0.112,0.044,0.074,0.068,0.066,0.054,0.03,0.063,0.066,0.055,0.061,0.043,0.054,0.06,0.06,0.089

>n385425
0.16,0.053,0.078,0.098,0.062,0.024,0.014,0.045,0.073,0.031,0.045,0.043,0.095,0.036,0.055,0.086

>n385430
0.07,0.039,0.066,0.071,0.054,0.052,0.009,0.077,0.049,0.04,0.048,0.07,0.074,0.061,0.084,0.135

>n385434
0.101,0.041,0.065,0.084,0.063,0.038,0.007,0.062,0.052,0.034,0.038,0.062,0.075,0.057,0.076,0.144

>n385467
0.1,0.055,0.071,0.066,0.081,0.055,0.012,0.072,0.057,0.049,0.064,0.052,0.054,0.061,0.075,0.075

>n385468
0.072,0.039,0.061,0.062,0.06,0.063,0.016,0.08,0.05,0.048,0.055,0.068,0.052,0.069,0.089,0.115

>n385480
0.103,0.037,0.054,0.094,0.063,0.038,0.005,0.061,0.049,0.031,0.034,0.061,0.074,0.06,0.082,0.154

>n385481
0.092,0.05,0.068,0.078,0.064,0.036,0.006,0.075,0.065,0.04,0.052,0.055,0.067,0.055,0.085,0.112

>n385488
0.062,0.041,0.068,0.065,0.068,0.071,0.019,0.078,0.062,0.053,0.072,0.05,0.045,0.071,0.077,0.098

>n385511
0.074,0.046,0.073,0.065,0.074,0.065,0.027,0.064,0.065,0.057,0.066,0.057,0.046,0.063,0.078,0.08

>n385512
0.066,0.051,0.08,0.057,0.075,0.06,0.011,0.076,0.068,0.053,0.074,0.057,0.045,0.058,0.086,0.083

>n385516
0.076,0.047,0.095,0.043,0.082,0.073,0.012,0.082,0.059,0.064,0.076,0.049,0.044,0.065,0.065,0.068

>n385519
0.086,0.059,0.084,0.07,0.086,0.053,0.008,0.071,0.085,0.049,0.051,0.043,0.041,0.057,0.085,0.074

>n385527
0.036,0.045,0.084,0.037,0.083,0.09,0.011,0.082,0.059,0.065,0.115,0.068,0.024,0.066,0.098,0.037

>n385531
0.101,0.048,0.065,0.094,0.067,0.032,0.004,0.065,0.074,0.029,0.042,0.05,0.066,0.059,0.083,0.121

>n385569
0.099,0.063,0.071,0.078,0.093,0.067,0.008,0.063,0.059,0.038,0.042,0.047,0.06,0.063,0.065,0.083

>n385631
0.078,0.04,0.095,0.056,0.072,0.042,0.011,0.069,0.068,0.052,0.052,0.067,0.05,0.06,0.081,0.107

>n385632
0.061,0.051,0.07,0.041,0.069,0.058,0.041,0.086,0.067,0.083,0.076,0.054,0.026,0.063,0.092,0.06

>n385638
0.103,0.043,0.072,0.091,0.052,0.038,0.004,0.064,0.065,0.024,0.049,0.059,0.089,0.053,0.072,0.123

>n385667
0.084,0.057,0.062,0.072,0.074,0.071,0.006,0.089,0.052,0.034,0.034,0.05,0.063,0.079,0.069,0.105

>n385679
0.066,0.046,0.079,0.056,0.076,0.076,0.022,0.078,0.061,0.06,0.07,0.053,0.042,0.071,0.074,0.069

>n385685
0.101,0.044,0.057,0.095,0.064,0.033,0.004,0.06,0.055,0.033,0.04,0.059,0.078,0.05,0.086,0.141

>n385688
0.107,0.05,0.077,0.064,0.065,0.04,0.016,0.068,0.065,0.047,0.058,0.049,0.061,0.052,0.068,0.112

>n385707
0.094,0.041,0.083,0.072,0.07,0.037,0.006,0.065,0.073,0.043,0.059,0.062,0.051,0.057,0.089,0.099

>n385709
0.073,0.05,0.075,0.05,0.064,0.062,0.015,0.078,0.067,0.054,0.075,0.055,0.045,0.053,0.086,0.098

>n385725
0.111,0.088,0.06,0.067,0.086,0.1,0.029,0.076,0.049,0.043,0.031,0.031,0.08,0.06,0.034,0.054

>n385727
0.081,0.108,0.036,0.072,0.101,0.108,0.024,0.112,0.025,0.044,0.018,0.017,0.089,0.085,0.026,0.055

>n385729
0.102,0.096,0.044,0.075,0.107,0.127,0.021,0.091,0.027,0.04,0.015,0.017,0.08,0.084,0.02,0.053

>n385730
0.087,0.1,0.045,0.075,0.11,0.128,0.021,0.065,0.03,0.031,0.035,0.042,0.079,0.065,0.038,0.049

>n385758
0.062,0.052,0.076,0.052,0.079,0.074,0.014,0.084,0.063,0.061,0.08,0.051,0.038,0.064,0.084,0.066

>n385760
0.064,0.042,0.088,0.055,0.073,0.064,0.016,0.066,0.072,0.056,0.1,0.067,0.039,0.058,0.091,0.054

>n385765
0.049,0.056,0.074,0.054,0.091,0.069,0.031,0.065,0.06,0.076,0.084,0.058,0.033,0.054,0.091,0.056

>n385775
0.069,0.051,0.071,0.067,0.078,0.067,0.004,0.09,0.056,0.046,0.053,0.045,0.054,0.076,0.072,0.101

>n385780
0.067,0.039,0.081,0.047,0.07,0.09,0.031,0.066,0.06,0.069,0.073,0.062,0.037,0.059,0.079,0.07

>n385783
0.102,0.048,0.079,0.076,0.071,0.048,0.006,0.066,0.065,0.039,0.061,0.051,0.068,0.056,0.069,0.094

>n385786
0.049,0.048,0.065,0.07,0.071,0.065,0.01,0.08,0.056,0.04,0.052,0.06,0.055,0.072,0.082,0.123

>n385787
0.077,0.044,0.075,0.074,0.069,0.052,0.011,0.075,0.065,0.046,0.058,0.052,0.059,0.065,0.077,0.102

>n385792
0.104,0.044,0.08,0.068,0.068,0.038,0.011,0.049,0.077,0.046,0.075,0.069,0.048,0.038,0.1,0.085

>n385793
0.091,0.05,0.082,0.07,0.069,0.053,0.009,0.071,0.08,0.048,0.071,0.046,0.054,0.051,0.082,0.073

>n385801
0.07,0.05,0.07,0.086,0.069,0.051,0.01,0.069,0.074,0.037,0.05,0.053,0.062,0.061,0.083,0.105

>n385802
0.079,0.056,0.062,0.089,0.072,0.039,0.01,0.065,0.063,0.037,0.048,0.054,0.071,0.053,0.083,0.119

>n385806
0.105,0.056,0.081,0.07,0.083,0.052,0.007,0.068,0.067,0.043,0.056,0.049,0.056,0.059,0.071,0.077

>n385812
0.097,0.054,0.06,0.083,0.073,0.059,0.009,0.075,0.051,0.047,0.045,0.051,0.072,0.055,0.081,0.089

>n385813
0.106,0.063,0.054,0.077,0.072,0.045,0.019,0.069,0.059,0.039,0.047,0.047,0.063,0.058,0.071,0.113

>n385822
0.078,0.05,0.082,0.064,0.069,0.06,0.023,0.073,0.081,0.064,0.058,0.046,0.046,0.052,0.085,0.068

>n385829
0.04,0.046,0.072,0.03,0.062,0.115,0.04,0.088,0.066,0.083,0.118,0.043,0.019,0.062,0.08,0.037

>n385835
0.081,0.054,0.058,0.093,0.078,0.055,0.003,0.069,0.051,0.039,0.053,0.051,0.075,0.058,0.08,0.103

>n385842
0.054,0.051,0.069,0.061,0.086,0.08,0.014,0.081,0.054,0.068,0.074,0.047,0.04,0.062,0.087,0.074

>n385849
0.117,0.043,0.08,0.064,0.066,0.049,0.019,0.056,0.061,0.05,0.061,0.06,0.06,0.047,0.072,0.095

>n385902
0.058,0.048,0.136,0.031,0.092,0.075,0.011,0.067,0.107,0.086,0.111,0.031,0.016,0.036,0.077,0.016

>n385914
0.036,0.05,0.086,0.026,0.083,0.11,0.029,0.088,0.062,0.09,0.095,0.043,0.017,0.06,0.08,0.043

>n385947
0.043,0.054,0.07,0.058,0.082,0.057,0.008,0.084,0.062,0.044,0.084,0.076,0.038,0.075,0.105,0.061

>n385951
0.071,0.051,0.059,0.069,0.056,0.067,0.013,0.087,0.054,0.035,0.046,0.052,0.07,0.069,0.069,0.131

>n385991
0.087,0.058,0.085,0.059,0.077,0.063,0.013,0.074,0.084,0.052,0.054,0.053,0.041,0.055,0.09,0.056

>n386025
0.07,0.051,0.066,0.064,0.063,0.039,0.01,0.081,0.056,0.038,0.051,0.064,0.063,0.065,0.081,0.137

>n386029
0.081,0.048,0.072,0.067,0.068,0.05,0.01,0.081,0.058,0.046,0.055,0.061,0.061,0.065,0.083,0.093

>n386034
0.102,0.05,0.073,0.078,0.063,0.032,0.005,0.065,0.066,0.039,0.054,0.056,0.073,0.044,0.082,0.119

>n386063
0.086,0.053,0.063,0.05,0.064,0.079,0.037,0.074,0.056,0.054,0.055,0.056,0.047,0.069,0.065,0.093

>n386067
0.093,0.054,0.098,0.052,0.064,0.055,0.024,0.066,0.082,0.064,0.072,0.049,0.058,0.037,0.071,0.06

>n386097
0.083,0.036,0.068,0.068,0.039,0.031,0.023,0.068,0.062,0.044,0.053,0.074,0.07,0.049,0.091,0.141

>n386098
0.075,0.048,0.08,0.064,0.074,0.051,0.019,0.067,0.076,0.056,0.052,0.057,0.043,0.055,0.089,0.096

>n386100
0.071,0.054,0.067,0.062,0.082,0.057,0.027,0.072,0.067,0.061,0.066,0.056,0.033,0.066,0.091,0.068

>n386108
0.06,0.046,0.071,0.04,0.066,0.105,0.02,0.095,0.063,0.051,0.08,0.052,0.028,0.083,0.075,0.065

>n386110
0.101,0.049,0.09,0.056,0.074,0.068,0.008,0.072,0.077,0.055,0.075,0.043,0.044,0.05,0.076,0.064

>n386118
0.032,0.049,0.087,0.03,0.077,0.111,0.042,0.068,0.074,0.089,0.125,0.045,0.014,0.048,0.081,0.029

>n386148
0.035,0.052,0.077,0.022,0.085,0.12,0.026,0.087,0.054,0.089,0.121,0.043,0.013,0.057,0.083,0.037

>n386152
0.094,0.056,0.062,0.078,0.072,0.057,0.026,0.063,0.063,0.048,0.059,0.048,0.061,0.056,0.072,0.086

>n386154
0.088,0.065,0.082,0.058,0.085,0.064,0.017,0.073,0.083,0.05,0.062,0.046,0.036,0.061,0.08,0.05

>n386164
0.045,0.043,0.081,0.038,0.062,0.103,0.03,0.084,0.076,0.072,0.095,0.047,0.023,0.062,0.085,0.054

>n386176
0.154,0.06,0.096,0.071,0.072,0.03,0.014,0.058,0.102,0.039,0.045,0.038,0.052,0.045,0.07,0.053

>n386178
0.031,0.062,0.053,0.025,0.065,0.133,0.095,0.081,0.054,0.125,0.09,0.031,0.021,0.053,0.061,0.022

>n386179
0.069,0.07,0.084,0.052,0.097,0.084,0.009,0.084,0.065,0.045,0.046,0.047,0.044,0.075,0.064,0.066

>n386193
0.082,0.05,0.073,0.068,0.069,0.055,0.016,0.074,0.063,0.05,0.061,0.052,0.06,0.059,0.074,0.092

>n386194
0.09,0.05,0.077,0.072,0.073,0.078,0.013,0.065,0.077,0.045,0.051,0.044,0.049,0.056,0.076,0.084

>n386209
0.072,0.043,0.07,0.065,0.06,0.051,0.012,0.078,0.064,0.048,0.059,0.059,0.055,0.059,0.088,0.117

>n386215
0.062,0.061,0.078,0.052,0.087,0.074,0.015,0.082,0.066,0.055,0.074,0.05,0.038,0.067,0.078,0.062

>n386230
0.069,0.053,0.091,0.039,0.075,0.089,0.043,0.064,0.085,0.081,0.076,0.047,0.022,0.048,0.078,0.039

>n386231
0.05,0.045,0.077,0.044,0.075,0.092,0.036,0.08,0.06,0.084,0.089,0.047,0.029,0.062,0.079,0.053

>n386260
0.079,0.051,0.074,0.066,0.074,0.056,0.019,0.071,0.064,0.065,0.076,0.049,0.053,0.05,0.084,0.07

>n386315
0.089,0.041,0.074,0.079,0.066,0.046,0.015,0.059,0.063,0.043,0.053,0.055,0.064,0.056,0.072,0.125

>n386319
0.024,0.061,0.068,0.034,0.063,0.081,0.073,0.074,0.083,0.095,0.105,0.05,0.018,0.055,0.086,0.029

>n386328
0.049,0.037,0.064,0.051,0.061,0.081,0.016,0.097,0.049,0.057,0.064,0.063,0.041,0.081,0.088,0.103

>n386332
0.034,0.06,0.058,0.045,0.077,0.102,0.007,0.105,0.05,0.063,0.073,0.067,0.036,0.066,0.115,0.042

>n386343
0.099,0.049,0.058,0.088,0.072,0.033,0.005,0.06,0.048,0.031,0.041,0.063,0.074,0.057,0.08,0.144

>n386353
0.123,0.057,0.073,0.089,0.074,0.043,0.011,0.057,0.068,0.036,0.034,0.049,0.076,0.049,0.07,0.09

>n386362
0.099,0.05,0.062,0.098,0.057,0.029,0.004,0.068,0.055,0.03,0.031,0.053,0.098,0.048,0.073,0.147

>n386372
0.04,0.039,0.055,0.053,0.054,0.083,0.036,0.081,0.045,0.061,0.067,0.069,0.047,0.071,0.085,0.114

>n386391
0.075,0.06,0.076,0.056,0.072,0.055,0.022,0.073,0.074,0.051,0.064,0.062,0.045,0.056,0.089,0.07

>n386395
0.062,0.051,0.074,0.057,0.079,0.084,0.035,0.067,0.066,0.067,0.063,0.058,0.037,0.062,0.082,0.055

>n386411
0.136,0.067,0.059,0.118,0.086,0.019,0.005,0.051,0.051,0.024,0.016,0.056,0.107,0.053,0.064,0.088

>n386435
0.05,0.07,0.075,0.053,0.102,0.079,0.018,0.085,0.069,0.064,0.065,0.045,0.028,0.07,0.085,0.043

>n386438
0.046,0.048,0.073,0.037,0.08,0.097,0.023,0.1,0.055,0.073,0.08,0.043,0.023,0.082,0.075,0.066

>n386448
0.112,0.048,0.066,0.093,0.068,0.033,0.01,0.066,0.061,0.036,0.041,0.047,0.076,0.06,0.069,0.114

>n386451
0.063,0.044,0.081,0.051,0.061,0.078,0.048,0.059,0.075,0.079,0.102,0.041,0.039,0.047,0.065,0.067

>n386454
0.048,0.044,0.078,0.047,0.055,0.068,0.035,0.072,0.068,0.06,0.077,0.065,0.046,0.058,0.08,0.098

>n386466
0.066,0.035,0.077,0.076,0.06,0.049,0.01,0.072,0.061,0.045,0.048,0.063,0.067,0.061,0.082,0.127

>n386477
0.105,0.042,0.061,0.103,0.063,0.027,0.004,0.06,0.045,0.03,0.035,0.057,0.097,0.054,0.068,0.15

>n386480
0.072,0.053,0.071,0.077,0.075,0.058,0.01,0.07,0.054,0.044,0.044,0.054,0.072,0.059,0.07,0.116

>n386492
0.085,0.046,0.069,0.076,0.068,0.051,0.007,0.084,0.062,0.042,0.042,0.05,0.062,0.07,0.078,0.108

>n386501
0.078,0.054,0.092,0.043,0.078,0.074,0.025,0.064,0.078,0.064,0.089,0.05,0.032,0.049,0.075,0.054

>n386512
0.091,0.05,0.064,0.073,0.065,0.06,0.013,0.082,0.062,0.043,0.049,0.049,0.06,0.068,0.076,0.096

>n386524
0.061,0.043,0.075,0.063,0.066,0.053,0.009,0.084,0.064,0.049,0.063,0.061,0.051,0.067,0.091,0.1

>n386532
0.045,0.049,0.065,0.039,0.078,0.076,0.033,0.084,0.048,0.068,0.074,0.066,0.026,0.078,0.084,0.088

>n386538
0.123,0.041,0.077,0.094,0.064,0.036,0.003,0.055,0.073,0.039,0.052,0.048,0.075,0.041,0.08,0.098

>n386539
0.067,0.041,0.059,0.09,0.065,0.052,0.016,0.074,0.056,0.044,0.044,0.058,0.069,0.071,0.082,0.111

>n386543
0.096,0.046,0.092,0.059,0.076,0.036,0.013,0.046,0.08,0.054,0.094,0.065,0.041,0.035,0.095,0.072

>n386571
0.138,0.057,0.078,0.075,0.078,0.035,0.018,0.057,0.082,0.049,0.044,0.042,0.052,0.046,0.076,0.071

>n386577
0.085,0.032,0.076,0.053,0.046,0.065,0.002,0.097,0.074,0.037,0.069,0.042,0.042,0.074,0.076,0.129

>n386585
0.083,0.054,0.079,0.048,0.074,0.073,0.028,0.074,0.07,0.061,0.076,0.048,0.038,0.062,0.07,0.063

>n386588
0.061,0.048,0.074,0.042,0.062,0.076,0.04,0.072,0.061,0.056,0.07,0.067,0.042,0.07,0.069,0.091

>n386592
0.124,0.046,0.071,0.083,0.066,0.042,0.011,0.059,0.068,0.032,0.038,0.05,0.066,0.059,0.067,0.118

>n386605
0.106,0.045,0.074,0.077,0.068,0.045,0.017,0.054,0.066,0.041,0.057,0.06,0.061,0.054,0.075,0.101

>n386623
0.13,0.055,0.071,0.086,0.065,0.032,0.006,0.062,0.065,0.031,0.033,0.053,0.082,0.047,0.072,0.11

>n386627
0.145,0.045,0.082,0.078,0.061,0.03,0.006,0.062,0.073,0.038,0.045,0.046,0.072,0.046,0.068,0.104

>n386628
0.067,0.036,0.059,0.033,0.046,0.107,0.077,0.068,0.058,0.098,0.112,0.042,0.024,0.059,0.06,0.055

>n386641
0.054,0.051,0.054,0.06,0.079,0.083,0.012,0.093,0.042,0.049,0.048,0.058,0.043,0.085,0.083,0.107

>n386649
0.052,0.046,0.1,0.043,0.091,0.078,0.022,0.083,0.074,0.093,0.088,0.036,0.024,0.057,0.082,0.03

>n386655
0.071,0.055,0.076,0.068,0.085,0.068,0.02,0.07,0.073,0.056,0.062,0.047,0.04,0.063,0.081,0.063

>n386682
0.069,0.045,0.059,0.073,0.059,0.051,0.012,0.075,0.051,0.043,0.061,0.069,0.066,0.059,0.093,0.114

>n386687
0.029,0.048,0.084,0.044,0.099,0.106,0.007,0.095,0.04,0.059,0.062,0.051,0.037,0.099,0.059,0.081

>n386691
0.059,0.044,0.091,0.044,0.07,0.071,0.022,0.075,0.079,0.068,0.081,0.053,0.028,0.055,0.088,0.073

